32914
82953
96492
45469
53489
82824
61518
47065
21596
25418
86288
80188
29982
17941
49520
58269
20315
45781
85104
79572
87021
17330
63390
38134
68058
13888
94558
47835
69038
45812
84566
72961
3387
9236
57109
4137
7273
15911
27393
2719
42939
16652
66781
56376
86016
55463
83635
8852
40947
43222
92355
63202
15152
54977
28648
20771
70770
8304
29667
60390
56750
94006
43559
83155
9830
43179
61152
21508
95307
94104
27040
64044
98386
87052
34888
37947
38417
77707
94415
34394
78583
84901
18322
69329
7301
96549
22872
43401
43789
97088
60865
48427
30981
89869
63082
22886
12616
94132
72960
33296
1577
56703
78079
39300
50485
34125
38693
72490
96228
69829
20728
40788
44028
74440
68432
68260
39938
66143
90018
7979
39549
69011
32234
91244
44233
33116
72853
63423
82549
10897
20200
77458
62362
26494
73873
93994
568
84564
95368
71591
73646
13626
76161
87909
93589
94625
33105
41375
54394
2709
93177
30606
19063
98575
58132
44046
42605
56871
17274
65314
98144
27559
38446
44366
33359
99515
72811
53346
43502
91717
2789
54167
20514
66157
61151
12306
22104
49045
30697
35749
31202
9034
22963
46293
25647
42550
63634
43382
24838
34195
80653
32114
62623
16250
20582
96488
84990
74265
68480
59281
19437
93699
15025
94751
58260
93154
64101
10942
26456
83463
91596
84348
69165
58274
21217
69989
24665
78765
74232
2918
17959
88290
74212
23123
93125
45293
98402
33989
7931
20061
44197
89179
86119
39380
59999
20449
32281
29853
9672
71214
52488
59581
94478
66951
9104
63362
76346
92161
65577
72984
71450
43268
1925
41306
4689
52491
80581
56870
43511
44295
97752
33897
70062
63747
47954
46074
57506
61923
75429
31203
41340
5413
92286
26777
80196
54890
5726
54893
68560
67118
44595
42746
65005
1458
83571
99519
17320
98267
90997
66407
2298
83123
44140
21987
71790
82062
27648
4986
91984
34791
33226
63959
3956
71720
15788
50016
81344
41801
80651
85415
54040
64815
5995
59993
28996
36086
90629
56979
26079
30537
66311
19861
33854
88526
37576
49679
9370
29375
43654
67416
87517
93299
53022
22749
95173
44923
21960
97366
64056
82088
90860
60436
80773
68233
60389
54423
58418
30354
93040
6620
98152
84089
54096
67059
96439
60986
46018
85231
72774
46683
26424
49783
55835
79817
16629
22617
47683
90017
2276
1918
18175
58795
25461
14073
94252
1536
8948
39289
34989
43628
62567
67933
25687
80974
51301
78471
71481
58301
7150
28329
58565
36581
46122
99292
42783
32143
20546
62704
31266
72958
78485
52510
26953
12021
87064
74937
9441
83671
99054
52386
49768
55206
28895
38459
20961
99501
76824
45331
36120
21913
61694
65152
12620
34658
59024
62059
16958
33799
66969
84645
18357
88759
69039
38712
52427
80396
17835
96792
3415
67474
24261
3128
84151
27686
39435
45496
62330
44057
9086
72252
91528
72756
96649
91833
19151
66229
65374
79176
91403
7671
35087
36701
54960
57552
9670
26513
65719
19444
59202
26619
41571
16790
33678
36701
31311
78895
95487
54330
65494
8535
85130
20486
3294
67472
66048
31766
6785
15779
20520
36183
51002
52642
30455
96122
9545
74476
6414
20972
76675
82063
72591
88388
10041
87335
20253
20662
8706
87876
63184
45861
21896
9771
32018
92725
64876
75091
23545
35773
50007
34575
73857
54939
63871
70731
80070
50082
27282
45776
6298
92271
41122
10498
12073
38842
96140
12872
22247
28487
94694
11339
60785
30619
95141
12695
41513
54092
9608
99616
10504
45298
5893
93694
26463
57145
83982
73720
23758
83896
96864
73055
53312
57916
36647
55825
41665
86142
75025
11486
65246
83923
23502
66855
33335
1378
19136
27394
78947
58192
76581
70234
45216
38455
78910
42516
85716
4853
68604
29324
33030
93217
55366
94813
62035
59160
63177
43520
17133
33366
11676
29868
2902
98528
69710
75580
7445
3901
86959
63278
51731
43941
6840
44743
29269
86290
53719
94388
69430
74259
54267
37803
95424
40000
5689
8848
21830
44519
95705
50195
50817
1221
36384
56759
65509
71888
9338
57262
82496
80881
90499
4223
61102
6639
29939
82474
91516
44710
56036
1410
41559
12151
14849
44345
38896
12313
72045
68281
40718
12909
98316
89934
90000
22767
84626
61826
56350
34088
68550
50176
34666
83072
18131
77306
46217
52401
80811
12198
98248
5687
99736
74627
97420
23748
10881
2009
92778
95216
84373
23871
19808
65773
35639
82870
23598
53848
10438
48978
72245
18156
67207
65112
73738
37264
70449
6019
47958
28721
86869
85889
973
84138
92840
58747
29545
92255
4623
72337
3235
65610
51750
74531
12686
53420
65708
13229
75344
88229
15119
86058
57405
25695
99087
761
98257
16037
1330
75325
12266
56625
70948
94750
66752
64066
15272
52269
28578
46156
66367
87204
83407
27081
81075
47788
68205
8334
62977
38808
39753
86553
63906
69103
45004
2374
25204
7623
17941
27873
7881
81197
62233
86133
42732
87457
46133
29443
20907
98493
44683
92815
79205
19414
72768
3316
82866
4796
27409
60119
86249
88028
51757
62841
54450
26500
99348
10373
34601
47910
23498
61898
80299
90102
64439
87907
87777
1614
74590
7186
62342
72880
4120
34411
69622
30891
78349
40684
58805
91639
32782
72010
33369
24763
19249
99271
71380
90414
65898
8800
85538
85722
94755
69315
35212
86748
92984
35486
10423
97416
60625
23793
39948
57642
84445
62757
52901
44071
55975
49271
90864
64258
93528
38893
51523
20890
5641
69449
58076
26353
18114
65659
34292
40519
85140
64880
74336
11653
71408
72777
8898
757
74658
28807
20819
79982
44877
40225
2469
43726
79044
87672
63129
61537
14114
74178
17948
25534
73447
6306
78302
64592
95792
75897
89617
40049
46354
16022
42970
70610
48786
55785
87959
21496
89988
95445
69421
52033
66238
75907
52300
100
43544
4467
85185
84727
60610
60078
98265
27561
28834
62135
74925
20559
58472
78303
89422
81852
45744
68344
97454
70474
33588
63233
87369
77397
42795
55360
13550
9030
62402
67759
25134
38830
93301
54285
13631
25032
90283
3092
2253
82081
61771
62315
69438
723
46686
80369
72288
97997
40226
91482
7058
55758
63592
14135
47916
91344
60556
45165
20107
18370
66735
60104
57277
50414
68914
5129
26085
62937
4528
58
37388
95592
85272
20354
9508
15680
7334
12819
18362
93798
77501
30529
46584
75333
33572
70605
89492
16237
74906
34240
75352
15833
24631
1715
49230
11881
89472
3947
27912
33934
63174
29538
59818
58788
70236
93792
22741
44153
61492
93993
3344
38828
2869
90383
72469
97105
8090
456
16021
62096
37514
35387
22153
14573
95631
46292
82070
66243
41621
33463
60508
49642
3874
35537
86619
70712
81260
17770
85762
71491
18107
22006
87254
84739
58748
96746
93372
71030
24767
86668
95971
3678
71343
25700
21841
43173
41515
10127
25064
44960
54245
9010
89460
99793
26646
36555
43860
12455
57115
83234
34114
79073
13777
11359
83585
15247
58985
2614
87778
91065
19143
35005
35123
86521
37501
35806
87525
87267
76799
2983
25400
50085
62243
1215
65349
78793
48919
94259
55815
26679
8542
23631
67335
6327
34888
24616
14179
57525
4909
40597
32443
1661
54470
59326
28695
934
59497
16621
91064
43883
37919
48865
21850
63060
88643
16930
97122
91251
89241
21967
2698
32203
42472
60690
31334
16491
11125
46645
9906
60343
90654
55341
47034
90631
71216
30452
51013
87113
42950
88950
45279
63010
14815
80002
58786
27666
32153
85888
43392
65750
8912
23809
72368
42534
40045
62481
79602
18622
9581
39465
97057
66330
21295
10689
47732
59259
28921
39203
79248
88070
20008
21532
88750
3756
82962
71659
24132
28804
74939
74779
89267
16755
14991
86286
62317
19470
77410
27855
7936
54999
69410
86825
13188
35
32821
80726
669
91356
63989
21103
1868
21122
40164
61123
31384
41260
83342
33827
69429
27180
77594
88825
4623
43697
68396
51449
75637
99814
80186
26544
55428
1367
84265
55865
26927
50100
94115
97327
51624
5230
27255
62556
93870
11647
51182
3599
69874
90086
2853
9132
53832
57136
12588
86302
20615
98322
22554
93416
83612
69746
24490
24153
77074
94213
25270
30269
83446
52787
92526
48880
88266
19063
33717
17741
29544
12706
10073
18981
80272
27423
17133
94923
55760
96722
15716
62317
5872
70970
50796
60157
33239
16085
69733
24429
66301
40067
64605
25912
74029
418
68745
19165
11350
79064
92033
74279
92848
86928
2425
1128
11270
83707
19352
4292
57539
51864
77911
94601
26333
12430
18775
67677
54073
41557
21631
45488
14521
19125
35857
14480
47657
67527
2568
42811
24002
57655
17265
13262
43544
74251
89890
71356
91079
349
9531
53147
95797
43588
22360
60441
73955
25649
47504
41228
93653
2229
10637
51686
40732
67136
80520
93095
93853
49348
80672
908
28064
59704
68663
85350
30006
54648
15082
23078
84071
18410
71722
692
86744
45820
85499
15614
91638
21960
70473
29037
52257
81913
16930
32020
70712
89960
98549
63810
4029
63295
31620
35095
38532
31486
88936
44754
74141
31292
38402
53065
93724
87205
28057
99602
68161
91650
38037
75294
3497
87415
48695
44838
27985
19557
29075
50525
55458
85328
99531
75460
85853
81018
42889
83549
88707
48782
35864
3064
4866
41401
63104
84681
82616
71155
95132
85146
96133
95580
55130
93436
90417
91617
63470
15609
64951
88061
10867
79685
55565
1052
59807
8083
74353
8987
47010
2756
55313
54859
31739
90010
61815
52949
57687
94090
22383
23735
70087
53872
94967
62476
95772
93180
70946
41258
81538
90827
24392
95269
25750
20305
79310
63953
61958
70641
75917
12229
85955
60239
54210
59354
21509
48540
63954
74578
52060
44785
75191
26966
51726
17719
61867
12504
98642
77507
62063
78039
50791
26111
77113
70977
14705
20739
25049
12531
25778
23075
96454
6715
15713
96706
57961
23519
32394
22372
17605
16790
65634
76033
41634
1780
5796
13109
4661
25475
1613
25492
25165
17516
50129
44731
37085
39637
64408
84482
71649
53189
19736
13549
84207
76675
68975
28354
18587
39069
74910
94196
3846
17284
87165
65054
5572
94611
50847
83564
72649
66577
12323
52467
61104
54348
86227
18785
63560
95430
16285
58863
58779
83724
80268
89075
20251
44192
92610
31153
59339
7864
12660
32722
5320
32031
75842
10413
10803
89594
39185
4737
49436
18949
86055
39429
92331
70108
29987
68502
89870
34102
45718
28464
763
40363
97090
88632
96608
14678
45133
67189
89903
17077
57186
23071
47007
92397
77636
40080
52897
95083
5584
13784
24416
59269
71022
73516
90323
25727
63411
61086
69795
50698
33079
75176
37460
30311
20814
91425
21906
21801
14245
27570
57912
49783
64282
56962
92768
62577
79256
87885
51938
88490
78382
95604
93547
76660
93675
61518
41052
74746
84409
58493
34267
75814
4915
73787
18715
55139
87523
31282
94531
33820
65436
15499
56605
3619
88081
40830
21245
75662
13841
98408
75020
53692
60224
95451
2288
50966
46003
3503
24921
77552
7559
86774
31051
81518
17918
88813
27715
99556
49303
86319
59944
61269
59721
13220
34192
32285
38492
76310
75788
57450
82244
63780
5041
25797
3898
84623
88899
7055
94617
86641
14623
99942
68082
17870
76646
56615
94797
90499
54274
82093
21724
63675
98998
38615
67837
72769
77606
76872
45453
95151
26431
10632
64420
23524
42917
95784
72272
85237
49784
61187
59121
91994
89346
49151
74606
22025
58464
35219
53875
53824
54186
34691
2696
26811
82176
25510
37231
23302
97970
85449
24665
1069
54956
84844
11813
14543
72445
87914
46166
19152
88835
94358
30512
37837
1493
12448
16079
52779
45453
63863
6948
13161
78639
27849
8269
87060
91322
262
22800
36824
23145
75299
86612
94963
88486
10874
27964
80358
93165
47950
65376
26662
41657
52300
6025
35951
72333
76589
82889
49751
1825
83544
18165
28864
89702
26564
83585
86791
21752
20059
37718
24954
75647
46938
96114
78151
1442
51542
13756
50639
81289
71448
15746
15001
14605
19625
16849
49859
43934
6441
7536
6707
76528
37720
80217
62347
74787
89943
25110
44955
35502
77193
98836
12337
90344
26324
89638
69771
18866
16740
21017
61741
85924
91918
2223
72846
47762
55217
86747
621
43675
53528
54104
77537
93935
27965
35205
81325
36506
68903
81793
28818
29552
1908
44991
59327
1175
58834
46918
85860
57292
46088
83336
47524
69715
58097
51613
14633
94622
36360
83547
39985
17625
36319
29172
94694
71216
44617
63756
18827
10430
31192
51158
55378
20595
61248
31658
73898
85888
29563
197
67190
10370
72102
6172
22137
17481
40296
46590
10989
11237
29522
38022
89331
96620
35970
21402
76485
53289
96034
579
49800
76484
68141
83241
86269
44778
41010
14858
42005
43321
53616
65078
15940
94058
67330
52426
98479
74812
7604
11431
79808
72761
67987
17263
96920
47559
83940
80796
46820
58093
27306
18269
35944
65535
59563
1485
99511
75881
5452
80593
81765
97876
43672
96430
68564
69271
39296
20005
49578
85469
83228
10765
77892
37839
78159
3819
55267
55519
93993
93935
9221
39440
74055
23086
6383
25028
7797
45944
89350
87396
54579
59766
46909
87494
11061
92930
24648
22206
58468
63906
38351
93347
56226
79906
75262
22140
7051
92845
44377
94855
18774
64296
18829
9254
3803
68043
55618
14407
26127
66141
28460
22351
28363
25099
4993
56802
29643
95844
28325
22129
17682
10292
41216
59584
20426
24827
26257
1491
34921
11369
96733
92756
89135
6777
41376
79268
92428
8775
10019
57692
49183
52591
56366
52318
59480
4356
81237
90365
511
23881
7566
22373
10126
16975
5507
11529
86105
48044
56003
27944
38158
92052
22739
67322
90615
45431
59201
92924
6429
29559
29849
11382
79462
3524
44688
78758
1919
44757
11710
47339
93940
78373
15081
55151
67708
40360
84380
23217
35186
78729
63798
55311
53662
65281
76159
78221
71731
27286
29653
29572
67441
28462
61573
38570
21258
95662
59670
92729
13762
10035
11199
52575
28655
39244
43448
49442
54464
99730
56461
74861
32858
14277
89039
61276
95358
42245
76229
46208
95078
53834
61601
80623
75406
21696
11245
31083
5423
88322
83299
38573
28422
41266
99484
92910
24564
82258
25504
79186
20351
15298
55708
465
33653
64214
28658
80867
3024
98099
91786
38056
30933
14150
91494
79761
79383
74402
64404
5134
63160
18996
27932
57973
80048
39652
44185
64236
60102
65034
76261
69139
75483
92651
18700
41489
43942
5551
33443
52857
10554
95168
43697
87640
28259
52032
8363
59838
72431
66983
65406
28647
57962
12120
33413
50565
21154
9311
11067
78476
8714
72714
18186
78201
75705
13665
76738
74176
9714
91427
21285
41041
64766
24478
54847
96901
15637
98283
33075
90859
54268
71524
88560
22089
37641
30274
84738
84113
23362
23895
14565
19459
21443
30501
17205
5817
94013
59353
14432
93875
46300
36616
22141
6814
12705
21924
53014
42147
8527
59034
95585
99370
97857
80108
21517
72746
89784
73158
97751
53934
39538
84031
57531
58693
27029
26798
83816
14213
21548
37286
40396
54781
44328
74544
87087
52854
53960
98979
52124
25638
46451
49091
13626
52593
34722
75923
89529
24379
17307
17112
59975
89998
49048
84139
40386
87333
45413
1338
68584
37235
70792
8253
6186
84915
81148
72944
30975
85389
16182
882
4628
97921
89352
30360
36674
52883
29731
25454
91960
96691
39447
53355
70295
711
62518
37360
24893
22520
14967
11198
22744
3126
73751
17489
90172
21929
94009
71964
71888
65813
8206
28418
48611
10984
92912
64494
78780
17060
70824
93328
30607
45572
88943
34069
86603
76940
11602
40673
83696
84625
85966
47340
18590
98626
33275
92438
44136
24146
9670
80904
36904
62659
47318
21769
75084
74865
41167
37913
45614
66072
33749
47438
97441
22338
56680
98952
3111
83665
30958
16371
88127
26854
95087
92569
22396
26891
69370
75905
4785
53379
99268
97416
99241
43852
66000
38778
8243
94126
76330
97261
1306
97635
79982
35771
92530
69987
30630
60570
37518
64714
41584
10073
65423
4936
53309
99193
88759
39430
69590
29509
86236
65680
75162
67088
79831
18371
23650
97162
5916
26036
36837
59134
47749
38394
9527
53515
63015
38553
80364
21117
78661
82284
44603
32391
94211
1070
49437
6208
93011
32933
48885
3351
19179
90220
63977
34676
49464
85500
48719
78444
54732
65782
90723
66720
90866
42575
48788
32819
23202
19256
41535
46086
64144
18601
47218
22546
34815
522
52563
76194
86931
32702
80825
92330
21956
17996
17848
35719
9807
33483
4058
59349
1830
57161
9929
98695
23111
55704
26025
86342
83146
81398
38370
36649
16563
32503
82779
22926
99720
91665
26370
8210
88765
57316
23816
95154
51019
74884
72937
25087
76895
29412
46217
43288
1422
28417
94650
45158
23750
59400
122
95481
3616
28037
44505
9882
24178
8969
99481
59245
75201
35031
95214
82982
14771
73675
33157
37988
66946
91943
76960
2510
25261
91228
44415
29993
94120
2609
49307
68531
57140
93811
42347
81311
94154
54425
32778
26765
69488
81811
74000
66245
30286
23087
87452
2320
97914
64103
84435
90100
79855
58186
96706
22218
50876
5
24288
56317
19353
84078
10447
29600
94453
81261
69537
3853
55755
57928
24982
11670
45650
80137
59171
80618
31603
74446
46895
62726
44310
32876
84664
73076
77653
52353
47379
79429
12978
14485
89552
91527
11492
70380
30043
2307
60428
25643
84990
96885
97447
1636
67076
68681
24572
49855
42136
68783
92725
51495
39756
52154
25866
10351
60151
63930
15448
60927
49110
37556
62001
5759
68434
83643
59886
5726
72354
33550
56415
82207
32423
61902
1282
96769
38933
58585
29202
68138
20178
20008
43863
65295
11479
19329
99995
78274
81171
8122
22397
5977
23535
77547
26270
26903
3436
31342
21785
76249
68073
42678
26672
82975
77760
97609
22849
2292
71312
3516
22903
76316
85141
21545
41725
34714
90003
97039
76205
10939
99858
59175
18759
8290
1187
22526
21277
24785
16801
37716
97291
65009
16627
591
13540
34430
69390
41405
43975
47089
79127
52260
37617
11403
60133
70184
12300
16475
71621
96088
95300
19277
72055
97397
19578
45872
16118
84577
50418
97505
19317
73247
75431
46937
60229
81229
10591
5424
26259
42619
77305
51116
54766
58759
51810
5098
77510
62038
84742
74984
36912
40656
90052
10796
92390
20473
28443
47733
31467
86824
93728
63196
78476
4294
74962
12710
57026
90788
68164
67241
4436
65977
37529
1816
92186
19383
23567
44941
43740
87945
74545
19282
65625
5131
89296
5292
31555
67878
85164
81157
68615
9543
22669
9045
11722
96186
72654
12427
44239
54856
13241
27645
40566
94122
50029
13162
40222
57993
57115
74024
60011
88852
41457
83568
48931
92349
21741
60738
54098
98928
56372
8853
47149
56849
86555
15199
24595
18321
42657
64702
31216
66925
39936
64257
10267
60355
7928
7254
33855
67889
42732
16
31607
18700
80328
54708
67922
96954
63199
27904
18295
2764
78132
39577
15842
18492
6798
79024
4779
38335
66991
34609
49768
92934
65277
86503
43305
29495
35743
94895
72929
19779
9956
75447
49380
81764
54012
47091
65708
95701
67178
78684
42070
63854
39601
97701
8905
1274
26444
45052
48470
22
75354
58808
69019
71785
70070
80549
71938
92603
97669
46026
29767
26643
90664
91091
58102
61137
57297
88000
75059
84516
37010
61257
36531
43080
38832
88140
60551
20992
36695
2581
53337
26829
37832
41416
16590
71880
21389
15502
85100
9826
65294
73594
33173
7317
44507
53175
67986
41797
73833
33968
17643
13561
83226
83675
67186
14353
77717
45635
44831
14947
54964
39920
98518
90837
35964
13397
64293
25401
49352
32598
17641
67104
46302
92820
37937
90620
92323
91927
98362
51863
80458
50487
11641
1769
71527
87814
70199
47610
45442
28445
22838
80373
32743
98978
58514
7332
37659
62707
69219
71438
87273
95666
10815
82890
54362
77548
83292
1854
99330
21255
31827
36793
46391
86216
50944
63849
23293
84447
12678
16537
59325
14639
33423
69931
64052
84606
31153
94862
19655
93365
15821
58620
98804
40916
56881
90355
25540
39158
2300
55246
95229
62460
4321
68127
77940
94200
7205
53227
57632
64216
87875
52673
92265
59149
7631
9337
5470
61720
7000
11814
90054
89872
76902
71063
3055
89906
49538
58927
90371
6341
40309
79711
29624
86376
69193
32349
72550
49467
23595
30052
82195
69735
41842
73287
8522
69771
92058
73939
33227
54340
32713
7552
58396
61495
42899
52179
86684
76286
69432
38483
45272
23662
6090
85158
49879
34017
97197
56168
74960
29988
27639
48904
45659
90751
16760
55646
20709
27580
79571
87436
60925
81462
30313
50065
9579
55424
4663
80740
63040
35726
89942
24627
92201
3812
32064
92919
8637
24826
17778
95572
86102
24840
72237
4266
6268
89620
91127
85051
2269
42645
34494
79546
41497
31330
32413
876
56153
35324
18999
46686
85567
78805
85343
15810
14137
15004
99898
74023
81199
10727
12637
26707
59644
74907
10224
93824
41914
49850
5812
34801
23062
3209
55968
65808
15330
87005
67687
84709
43497
30658
64182
11892
24605
39656
61145
91540
37036
69226
93437
69832
96209
30364
36112
51483
4103
73488
31717
6813
12761
20357
1427
81556
75028
13005
35773
84449
44510
90330
49740
73713
51615
96676
25401
21628
14813
62297
66663
64189
87367
353
15116
20527
41607
12909
16785
72288
17882
15804
85935
32084
79868
17385
76153
7353
49884
52853
72568
42818
40399
75436
48913
29955
49824
65303
72067
17320
35173
42589
49901
51890
94605
72054
47948
39471
32949
98414
73314
12245
82713
75699
78386
5691
10952
3899
87592
20659
61617
30388
80598
33448
44634
22409
14648
80720
13455
6702
63161
14478
88535
91529
76431
61511
50946
44733
64641
80958
24286
54900
93257
90126
90025
80296
7252
78180
42145
61230
58725
58423
2775
72319
52922
94277
19810
64133
935
86667
62640
45246
11742
52992
50231
6992
23281
70703
65034
37673
29454
39375
50599
99410
91528
24448
74765
11856
40534
57892
59595
21846
27893
12824
27315
70218
70057
7694
28173
13298
40417
8201
42984
40891
30327
8819
99883
12102
71415
74750
11274
35760
23
70677
9012
12028
84677
6686
98505
9470
79583
19248
71657
76135
19226
71723
85480
3432
14086
39959
3645
93541
72521
64700
46554
21176
80712
61691
85781
40415
54981
14249
2085
54915
38273
98118
73449
39398
75618
89213
41890
12424
99856
39866
31744
58549
40762
80034
85242
97294
60886
54036
42679
90739
85669
75611
27594
29579
24788
93388
27195
34895
61983
32995
6687
19417
3056
56628
15369
23908
88773
91408
95418
87040
61712
37271
20948
56820
86647
34932
38477
74800
77820
48345
55743
71951
64439
27095
3836
59077
61568
23802
43582
75467
55241
34944
60125
85348
37415
3220
72409
6026
81073
53195
90391
80730
78304
30650
14025
51481
83383
85618
17350
63713
64957
32442
25049
95597
1765
55143
3477
189
48847
42969
43749
75077
12071
4085
86113
70264
1098
35227
8637
52301
72553
41347
15612
88459
89991
71385
54211
76567
21916
63154
62728
93366
36348
46858
904
20097
63250
86940
85175
59749
78373
66429
89075
33267
88029
74325
59186
30891
17823
72667
55417
21919
18227
35916
56014
84775
95847
98631
62341
12514
53900
53224
84567
14179
63070
52575
55249
71039
52994
47756
99945
75921
84711
35610
65739
94728
59119
60405
29713
16207
487
15753
60241
60822
79410
85784
66096
82722
71556
80024
3860
238
37322
11527
65272
92411
3495
82891
61240
39516
29656
77034
7820
53015
58553
57891
51154
12536
61025
73416
73764
66680
20072
82873
65224
83429
9290
95293
48934
5487
66435
93791
59316
85519
80889
89411
22317
42099
62617
46692
42593
73578
40378
60939
58438
78057
91838
75342
52908
50967
21271
80994
3950
3356
92742
7358
79107
30976
50526
12687
37300
6947
32104
12337
65321
53753
88735
5905
90205
99519
89563
43164
32624
33567
74123
88578
6266
57179
31099
73133
92860
94874
51925
84824
39699
66860
23204
82030
27974
86652
30740
31393
63999
52113
32182
94531
95478
76768
51039
91620
59785
85778
4143
48040
70344
89614
45455
59268
22444
48227
91539
83925
14696
62163
91840
75518
54871
28031
15335
76988
13941
81803
55567
80551
83370
28238
50929
95815
11777
15417
55101
31888
38807
26401
27002
23868
59086
17611
36106
48068
92225
47763
97579
80986
2034
41080
3770
23046
50207
97511
91891
41659
90931
26243
12179
91894
49305
52302
15614
88914
35820
54359
56796
30826
55369
44576
7999
38284
91110
53706
12256
18582
78204
8895
36967
32689
87295
97884
39272
9958
55950
92505
30538
94561
42758
29623
25092
21281
26193
41861
34177
14936
79836
7086
88834
58277
93286
44098
70754
6316
2036
47263
52437
65103
98081
44317
37577
16811
87475
91091
44015
18386
22825
66025
74387
13664
14768
63259
69606
1308
92853
62150
46621
97901
8212
53138
14930
84982
8719
98684
59208
2320
11387
55999
67501
130
37396
78398
25080
8799
47025
88817
10737
23357
94130
29770
44368
32717
98742
31267
37533
77500
10217
91269
91703
24261
44346
45559
2544
98736
27786
98274
65749
87147
23776
54045
45676
2052
60442
68153
37878
62528
93182
31051
7219
60027
68079
55857
24229
38172
2171
63907
78797
10164
65649
27032
89234
65716
60848
66898
90592
94312
72602
50759
10412
99283
81607
69612
9814
62920
86966
22304
90215
70690
45566
5715
21082
62625
73955
1105
96439
70178
54437
36591
60730
78073
48306
59057
1203
68909
27643
8277
28550
77073
23011
26240
70834
95803
63956
82754
14191
10850
5420
5576
90672
77433
38229
87903
59464
75426
67443
66784
89066
26065
48310
11100
19592
29566
33839
35365
26749
23014
94367
93238
74054
5759
86634
3872
92202
91894
36971
50834
4443
14279
62689
42981
41525
41688
32455
62081
16483
39218
96386
44432
51553
16957
20243
6237
64379
35480
51084
94215
10549
90417
48895
75592
47428
32615
20946
46780
69977
48313
15855
83409
31518
62730
92248
91082
97273
69108
5527
38287
30157
29670
49236
60661
25120
10524
11264
34086
21912
73146
58093
72204
48574
86372
10176
51231
28356
51868
16511
44968
41538
93881
62021
6449
48892
96736
89877
74668
32960
7266
81195
18589
88876
56722
55693
97348
64076
59553
86784
71371
85153
79512
98263
12200
27389
36209
77062
40175
5706
9074
30358
69944
19786
57544
26417
75976
45562
61436
22140
10526
40848
49716
54341
24829
45571
81289
90162
74321
11497
34911
37016
27232
68219
84391
397
29294
24341
79629
66165
19052
75162
53406
13209
80991
52021
73851
58839
68457
9466
62162
33362
62038
38762
81311
20873
76644
63189
9343
7269
89199
13242
93388
50764
78809
31914
96474
93460
29427
45067
58220
20177
89227
2584
34452
5102
26802
86182
45158
65306
33192
16001
27351
5498
44389
82900
32375
71005
77927
35176
56136
67629
39860
53636
64378
39008
39723
99603
85829
47022
84139
50819
9794
36029
9823
35177
74663
8505
64164
13313
44541
16959
72409
59539
2366
96376
48034
18098
28848
20451
91929
20895
84025
8235
85809
42058
9823
13624
74344
92664
53757
59105
39753
92288
49731
52831
88411
14863
69963
93340
39306
33739
42739
50410
85232
59093
89020
65425
61823
26887
61982
37728
21037
23357
45030
70405
24893
92273
31917
64951
34278
58174
80886
55248
2818
84198
77379
21273
49173
53935
66004
83293
53592
1352
57566
25279
4769
59817
14116
77768
12497
16024
92373
43960
58842
96360
49825
59774
8906
99836
5017
81923
55096
46986
80866
384
90794
33562
49334
32815
7776
94669
46231
39423
24577
20539
96529
73186
97185
41364
25451
12161
22091
21928
69769
57839
99697
44867
86753
41818
92781
30480
40855
83614
4210
69566
79480
54643
9940
77888
12367
85063
11153
51342
44648
55879
47770
92296
85439
150
90370
54779
36964
47296
65347
17116
89101
62152
33159
40338
20087
38622
55385
22928
41467
93356
12904
33056
86761
9263
65749
58811
3236
52195
80218
34324
4986
74935
4695
62036
59421
576
13658
98944
13923
70186
94090
53784
29591
1001
81457
60121
21977
46701
52003
68097
3673
77107
72079
76210
74411
33720
82337
40271
26375
75240
70321
72932
46337
41173
88012
80099
23552
55460
81596
60169
94684
10082
45271
6495
44537
47636
23713
41787
49051
83115
7615
37319
96805
73429
28505
16377
64465
19312
21675
11170
45646
61178
16393
54947
60721
13349
21996
51384
88474
76774
43485
91320
32357
29068
15964
72149
19720
19341
92141
96126
19983
92892
90912
86949
2674
53143
97628
94362
90544
99389
62728
65269
55851
14461
28533
46643
64287
29865
51019
63096
97664
54314
87663
19507
91279
23724
54734
65279
31544
95642
7816
51429
19500
80965
45467
11999
85398
86941
5803
33208
1179
610
62188
67471
84659
79252
41484
31386
33279
48295
39743
32422
76838
63187
98983
44253
98000
12391
89152
23457
22846
34493
39366
5492
39811
21769
1636
8858
36035
11851
3802
91094
88551
38148
9706
30033
90650
97733
94399
26842
91748
40386
8602
36103
91360
22822
71034
31513
26939
4576
49543
6142
13036
93691
64764
59855
30250
13484
80206
54330
65327
3780
40573
33818
73767
90981
48375
56930
75412
60882
17347
71705
67682
57343
13712
92638
44034
18503
53307
12653
27973
19484
47127
3642
44151
95544
41564
45402
66101
87923
91246
75522
87596
99854
24617
30311
86736
19243
4166
35
40821
26272
31757
58329
35470
72608
78423
38960
95359
92665
69470
32092
35873
53981
15683
59642
6514
536
47548
62905
76567
87072
26584
72534
18159
41291
96560
84096
17044
81786
82508
67099
29553
62930
37455
83936
8539
23851
20225
47169
93357
62242
21527
98025
38020
52521
7616
98178
4083
40607
76974
63984
77476
91514
96543
62811
14732
35263
73000
58859
8490
12148
57469
88716
74300
61326
82847
13136
85629
17988
94722
86675
91263
5764
50618
98170
60449
55427
84354
18901
83053
75888
60072
32548
28529
17378
60312
94645
46807
88240
50596
1579
12035
74623
93485
55322
48457
86774
39920
46447
12649
17165
69552
22637
42088
29348
78044
36818
59340
34672
64924
11256
14611
80240
87197
4759
75153
65182
86103
35175
76324
70880
81432
12612
78645
31550
76047
33322
9166
50799
42262
12704
85586
6028
48061
94385
28221
16902
24943
85973
14490
75315
83331
85998
8251
32003
54338
40430
85976
2609
82927
7414
48071
56308
75928
13337
45140
58006
76824
78272
7229
22140
78854
51110
30637
56292
6589
64739
38963
10157
93961
25094
79166
60784
53163
13052
46519
17196
713
32941
42203
33759
67829
20005
62452
59120
60664
26160
10867
82185
44091
14623
91275
8547
36402
4615
27277
38009
81510
49320
97564
38335
44029
60331
31948
69227
93831
21989
50332
88881
63944
3288
84237
67756
86493
47897
52318
78584
45517
35724
38214
40477
74765
61579
44205
94566
11920
64550
10438
30032
51626
14852
68909
12222
63615
66951
50361
57353
94860
10734
98431
4372
45553
32660
13987
92061
16474
69269
29595
75280
47593
13425
64066
25526
80930
25513
62933
48234
57491
12135
46445
58924
39517
59354
67642
35183
18851
76670
88377
57229
43694
18778
61042
2266
10394
97379
54416
10549
43937
37022
68669
19227
89890
55843
65914
67222
72558
22141
55960
85651
78927
45837
38998
20721
24596
10383
12343
9397
83773
6420
90175
25979
89664
88494
4042
57318
47350
24138
30185
37241
4774
59352
90394
73342
24043
86470
71618
51971
81892
47018
65994
20805
17560
85470
8915
33028
5923
86918
16632
77270
78146
48365
42367
39255
22423
92845
25563
9726
45721
96654
89185
87499
82876
94758
19332
97437
44152
20414
43951
78656
4025
12277
61343
5987
16738
33213
20283
82535
78622
34019
73488
43604
21989
50413
97069
59622
21127
2140
77560
86724
184
86385
61516
41233
56440
59916
39728
51067
90109
94287
72308
87473
15616
60609
17770
41106
56993
74894
31295
73953
43704
1004
25557
94580
63097
7032
64254
61291
32547
64351
3479
33181
66021
79961
77599
87214
99533
80911
75666
87998
45775
91773
55558
87099
40622
211
20065
73590
10506
54549
24213
72467
31494
90498
32441
17626
37620
77042
42246
13418
70880
44601
62763
18157
73750
67144
38189
73991
35473
10162
19006
31272
55584
99788
63128
58497
75927
64142
88663
83539
74928
74774
9072
29379
23867
22092
71154
69033
23753
77119
35736
88936
46481
41742
85927
50456
63198
58212
45418
56383
41685
54010
16104
5310
56134
62208
14271
24359
2350
39703
89503
77708
34055
70357
41093
37747
41037
64971
49906
38695
73773
65796
44648
11816
67244
98691
18369
84609
58737
78223
34795
83162
8272
29515
67716
83204
89716
11358
57582
75058
51784
26001
54478
15911
94083
54870
79143
34730
76206
50566
7886
82710
24722
92483
71338
82702
83363
42684
60139
72333
80323
74351
33636
47612
48052
52040
38629
9277
18366
68136
48569
45764
92409
41409
1465
99078
44824
9725
88715
21353
13010
56063
75547
67579
54734
14977
69715
59326
6634
79036
10810
37120
64872
65510
40583
93738
74774
50166
13185
82126
54456
99779
29365
17379
55572
77450
48594
71502
282
29838
71492
6966
90830
33338
4523
505
83412
226
92567
29757
73142
55080
77602
74174
70612
23290
11434
54534
54825
11384
76874
348
53431
78963
6485
34035
64398
51633
77166
33794
13246
24334
6726
58548
16406
27004
27251
71286
36088
79114
48105
75022
62235
41123
6839
28203
59068
62478
67937
11319
54146
55123
45718
19688
45101
87965
61549
95350
34875
74010
72449
6504
83702
30463
15430
23751
10749
52328
49734
27476
99310
31678
56605
10101
26189
65234
42189
78314
61907
42757
96543
85118
11477
71146
36183
67225
25200
20387
31122
79730
80558
14568
29471
2562
26808
11494
23799
24212
16825
80515
59546
64920
76682
11872
30728
94167
78047
32344
8120
98880
88941
67429
33656
98177
25046
34338
1122
72625
83603
11594
15736
95242
73404
29631
22236
64853
18327
519
98510
40830
9819
209
65090
49670
17696
66294
90525
37430
88262
44346
36492
45745
73822
7761
28257
4003
45464
33918
37067
70902
45641
86839
8977
26947
73625
60164
68747
67333
79495
30118
44766
85673
890
19061
84689
71617
30565
12578
83888
93593
4917
42875
2013
36641
77242
57069
56429
51048
85840
80931
61318
22250
31849
83372
23060
28160
48376
3547
8514
61141
77724
58888
47291
47609
76200
92468
17885
15055
747
44457
10870
83489
35585
83904
68126
18579
91349
63260
11377
14933
1617
79220
74855
36081
81732
59438
1746
26405
45006
24551
46932
16971
81195
14639
55834
93747
16858
8721
64664
73522
60776
43664
18850
86100
1822
98540
21637
69708
5444
87332
63584
781
71280
7382
44098
46737
77743
77250
11521
20470
53135
58029
41076
34441
25511
69056
95374
26362
48483
1328
59608
85359
33071
22265
16041
93460
71647
7652
5188
33424
21946
44104
31054
61268
83265
98796
54027
77036
35167
72842
3765
26744
68462
12432
88855
7476
7203
47264
22732
77394
24504
83159
74095
62602
73109
35370
10558
53064
46425
53516
71184
68707
82698
32428
99568
1134
3607
98043
45558
679
57607
67212
22464
69485
63648
38004
23090
9519
87413
30481
89639
64096
90029
44231
64242
89638
34636
93445
47702
86737
29504
50695
48030
72969
45546
65876
5849
82944
49799
935
91574
96262
74747
44203
82937
32956
46457
42975
78135
54880
67696
66553
37747
58343
61205
263
68661
66152
20777
94064
89156
98901
12776
6777
11456
64517
71246
43844
54398
68365
49157
18099
38977
47309
82191
89802
12433
8422
21196
21586
45083
74249
32617
53434
65509
71819
85157
92280
23020
68885
73537
18670
24988
28599
28644
76807
21003
6716
46184
86656
77106
26105
99620
5827
74921
35807
57911
81839
94462
72209
39310
19444
63026
19183
11634
63258
41456
87568
82705
35105
87947
24974
47303
83362
13107
39963
21800
38517
43347
8114
29901
31212
97610
60905
47769
24252
8131
47170
19143
71900
76884
5792
87858
39623
86320
64406
56832
8539
27721
5531
88012
65955
77381
71418
71695
5650
64092
40102
874
33958
87948
15211
3826
72396
69240
7295
91288
40770
90755
1400
54004
19543
81829
14231
47021
86095
489
55426
23592
79779
62531
52687
54667
62053
16624
7867
49357
6977
4427
51771
11772
50174
617
97546
97642
30436
50419
62658
25684
64568
87998
48518
9904
51427
79400
70299
89267
753
17904
35734
36285
61684
52946
74480
25986
3625
86367
37431
43093
63922
70645
46174
72659
13443
51168
56245
84169
504
39180
83155
19234
59107
90182
4655
23985
54500
48718
91534
62008
3152
20219
21207
36787
66068
46699
88963
35268
75091
61829
66224
61468
80715
63630
99732
30626
59030
77091
12302
97155
8140
43257
37208
32182
32870
56239
85112
26698
81533
66285
24759
28271
38321
29628
37737
3550
14438
26849
5866
57702
97192
52343
89034
72116
43119
1128
25439
49182
96285
41448
98202
5004
83397
11182
38196
44035
79142
44911
12678
3759
86932
50873
79863
76397
96472
61481
20528
86194
86318
5673
77580
73980
26220
56170
23051
9747
75394
28537
60901
64603
14652
26657
65756
7416
55269
46110
51051
79838
41222
83033
73851
98549
58540
52069
71060
2213
8072
40308
78511
59716
80783
88534
11274
18265
69730
13872
71093
79148
29576
13429
138
5804
21495
44388
93498
2428
81201
17149
45377
75355
93963
36001
32091
23822
99849
77125
43889
43885
25285
28018
69483
30695
65743
71581
49418
70578
20302
60574
69389
38419
28773
65647
96528
54150
84368
48643
30422
10955
33357
51520
87867
22989
67096
80730
38028
10096
86191
28750
22258
74774
11476
82807
7657
8398
2065
60369
25902
19067
20245
44072
15799
57084
75485
21019
95069
63004
90638
79411
21045
20792
99838
24218
64892
76745
52178
49978
49520
34414
58754
15795
8539
28855
88153
99415
98282
31663
40985
20422
25149
15751
29883
90882
62455
23611
30292
3470
31988
49924
44243
78696
99514
40953
93606
79455
29929
3331
34972
93619
46796
51196
8934
91240
40177
86018
35255
41734
21045
9725
98251
83313
33176
83915
24899
38144
59920
60517
4622
83451
18394
68720
77923
18870
50571
88034
10954
82308
44676
41358
25915
45882
41092
17934
14975
77538
46519
24524
50771
95128
91468
589
97770
33733
58949
55450
31858
80757
61991
72525
9423
82071
38450
68628
22723
85169
86730
35749
14031
85789
63251
39391
36147
58595
29308
8504
87185
88436
62162
31464
14640
60161
20149
88881
26588
37622
62151
90665
58187
35319
83904
67718
83323
53301
13344
16998
58358
25228
61500
12855
93719
77180
77369
54921
82439
74978
5687
21326
14496
3571
7812
13067
26451
11317
82706
33951
44900
98457
87714
60748
45875
99160
21183
46342
60342
44585
69096
58135
68033
32637
96933
29645
60360
25335
51771
30305
54043
18507
90586
24197
21488
90482
78611
97609
16607
37383
24039
82857
89158
21890
88539
16471
17741
13614
54600
78944
33444
73896
29902
53918
77896
79286
98153
20122
45636
70754
59004
45979
44916
38674
30729
77616
8517
95750
49026
40053
94809
92109
69530
4549
11974
10435
2133
48477
80126
20491
48478
52169
90345
95877
51799
11501
66350
36461
65867
47346
15953
85808
66080
85227
93142
73707
49256
11138
35011
81666
1558
15524
43076
44761
21485
56230
648
80978
88404
70291
70985
39140
4294
20243
63401
86325
67398
5369
23416
8244
12208
38921
31569
10453
22379
74340
89508
17354
34554
12817
87759
68506
88370
16394
91365
24608
99013
3616
81552
14211
33949
74668
11571
69421
5732
73172
68104
1291
16224
22966
49129
53664
7260
36595
98986
58086
50370
87163
93283
88162
46181
37073
57771
36803
34970
5498
90559
63415
41126
6088
21379
8649
82898
79966
5407
68091
17148
98047
37419
1691
22600
22903
49157
88454
28915
45189
3679
62294
2983
72195
13366
2825
8619
25652
85788
2512
9522
3785
68055
19280
7988
73968
77763
50232
3449
66202
6258
98271
11857
18695
30260
54426
42786
45681
54994
26488
94361
22673
85139
95642
42049
45969
67713
66481
89425
14320
6
86773
66911
21515
95185
92832
27154
37870
48661
70149
15542
33847
17040
3280
82761
46691
50280
48060
90482
38871
90417
82603
45841
26189
59564
45701
14193
41689
6250
36271
48858
36279
4206
38439
91140
71059
57360
63131
85125
77589
56637
85539
83147
37831
8668
88129
50086
96228
89740
34067
17116
20350
95241
66034
97920
13676
33901
77579
15101
89551
77458
50904
55660
76735
10934
38618
81669
21366
32280
46740
69553
10233
93535
77479
71486
75103
35258
56198
55244
41183
52866
19125
19557
3162
97211
84291
8202
48610
53081
73825
71368
37862
11296
98878
25257
7835
6852
72448
3494
39688
7342
9217
34746
70606
3840
68196
17906
82002
69263
88178
29793
70633
49583
13782
69904
25727
39310
88593
93203
47779
2134
91642
6934
22194
92950
89206
26006
60287
77594
15600
28332
20252
86870
68949
70660
52712
44770
37454
65804
1525
18495
94427
36039
51956
70616
30281
21762
94624
73443
13391
33086
62980
27015
97483
92524
57097
22104
24308
87735
87935
86813
24475
77914
83847
38547
2467
78834
10812
50474
1690
65038
27708
26605
56755
84644
10646
2143
26082
89533
49074
40353
55571
72496
23991
77616
71783
85325
75837
10219
75404
12911
21840
92722
2775
56500
33533
29674
56577
33577
19708
72957
52443
84446
52602
22750
78224
38330
50402
52650
58166
36903
19752
68746
84207
8365
13586
16661
3650
80605
61891
83442
63857
75651
35556
4347
26488
98079
13969
37214
80193
66445
76350
94397
39302
56256
23076
42133
24260
92589
22636
52027
15736
54691
94839
60642
86233
93945
73000
36314
24881
53568
10222
70706
57593
54168
61553
93534
10640
43038
57688
45779
32184
37858
82677
34447
10254
16246
67502
55479
84356
44387
87209
64760
53020
82486
13107
59470
11843
76984
86605
57027
17575
15035
78419
81103
91703
67407
89898
10174
65302
58453
53222
3055
21499
32011
31413
8792
83975
28646
34155
91399
45220
1374
55275
24419
43863
36003
13295
89906
72162
3181
31637
66804
75545
73713
71398
19276
20478
14319
83491
22366
29819
4200
36654
99635
41532
2446
25938
922
43046
35699
63025
16746
49912
64643
74312
49538
56540
27278
45120
15057
36650
92157
76308
77297
59450
77702
95834
51725
28227
48123
90032
41572
45365
30108
64773
51590
38672
44685
1217
87067
75454
44802
36625
24323
84788
53878
93363
62552
66720
23291
34682
79855
48175
73036
37310
18430
51006
29887
996
49495
69627
71446
41606
23634
3832
13268
51902
25674
87658
68588
13396
88797
40804
7605
33410
80471
70667
84027
5056
24712
88758
66607
64336
4497
72421
45374
75016
799
71994
33502
71064
28942
36152
99173
98167
38446
22454
13812
17263
69155
37600
28593
65057
11494
13739
210
7350
96361
45331
22741
86083
75960
81619
50797
5079
67867
32255
99702
60645
34840
84097
77002
52905
52533
53935
42156
44057
29947
7366
87201
30601
65942
15749
6494
60763
79673
53960
64509
37409
10110
54014
30153
27024
19691
54890
54105
79747
4528
7251
12474
15721
64941
35304
32740
88172
62321
20276
25934
97599
97597
77465
45790
53891
75302
98157
68472
54870
56281
88046
66968
88728
72473
29346
63067
48059
65317
47535
98967
29671
57109
70996
35212
25384
43970
39970
62258
11669
71557
75355
44785
90077
33591
11813
46095
26575
2552
90923
89123
42214
42508
65041
34921
72623
30783
10097
45135
69433
15721
75927
51532
12152
13325
91669
56176
52918
10171
36260
791
21335
39926
96248
21847
90503
46959
6398
58040
17954
1392
27380
53507
41055
12501
93029
26643
56666
81876
22337
85096
82269
45213
5557
96091
17738
29213
5003
41772
82856
66109
11841
99319
81799
41511
87774
98917
65169
96232
38071
8958
53935
55377
59517
22428
4438
77655
31232
95290
37100
37723
61028
61004
43323
89668
4606
35049
51024
18760
48619
81282
12464
94570
90605
64086
34137
14493
17667
87038
35824
90758
52324
60516
29164
11167
65336
77617
38269
85816
97683
72163
94042
96537
66735
34269
53735
8930
57668
27320
65855
66227
5223
31480
90052
62055
3997
31641
832
52635
46682
95816
54390
98701
96602
27694
58922
70783
99514
46503
49706
99099
65140
74641
29144
91985
73846
47936
76181
63291
28638
5102
80395
19329
87060
44432
32471
57336
88772
81603
2609
33222
35734
36101
58073
76513
55436
94209
83712
39413
61879
90530
16720
10404
37974
49800
65913
13287
84717
22072
70617
78579
30910
78126
95655
39703
47462
29774
58621
33954
87606
13881
84927
64769
66220
90714
77484
56038
33006
41055
29952
95748
90947
89413
73507
34775
70126
46477
50738
21664
13447
64203
3016
39790
14040
16285
44840
66937
19185
2072
20394
22375
76136
63613
89056
24017
881
89355
90563
82016
74005
2318
7007
52465
58930
21654
49783
23096
94863
35586
215
88608
43002
46043
68916
93456
94208
85149
78850
56233
74185
91568
9362
13389
58253
17045
67397
45402
45271
82364
78578
60051
26260
83154
43984
90175
75448
42871
24033
85227
79246
9838
65531
26730
15481
11629
77395
9373
48299
29044
33544
96942
83137
94747
35754
23734
22426
94052
6917
83455
64243
6096
11566
5923
45440
92461
44616
95987
25416
91213
99827
2772
92286
17234
57619
62563
19383
31621
15256
2009
17197
5126
65871
55658
8975
70045
44804
38631
98978
19023
69778
60388
15385
45260
3145
3476
41516
81125
83803
77424
33880
76124
79747
65750
63219
88436
76786
69230
30154
78310
37047
94920
9177
48661
20811
80065
18406
20538
39990
65477
62042
40153
69121
86606
4765
35924
62073
63850
98125
67902
22236
30011
46778
8647
58596
792
18882
65206
1229
70000
58404
8438
35301
59310
77923
72967
36367
14777
11097
92853
78227
17267
81525
35206
31238
68289
75986
51020
94929
95177
53814
68986
77152
47511
55012
35220
17994
72283
13086
88127
78136
5484
6138
35895
5780
99376
33343
84191
59248
76019
14013
93875
19119
88948
54343
51226
43828
51424
72494
91927
5541
88086
36059
29695
96699
2185
69032
41925
56617
7748
35099
38224
59207
4423
12416
77646
91066
42608
45251
63458
2369
3733
31783
40024
66302
45262
69317
48954
72416
38447
65892
44315
31081
78963
26353
29008
39489
16756
87675
98718
85334
32663
40942
3279
22413
50821
90666
56831
84554
93235
27008
96562
27511
76291
74793
9864
26357
90819
65794
10120
13789
6740
39271
43834
5713
30917
27115
689
74117
40989
13745
90469
45411
91128
51211
28863
19935
54665
55436
13677
16567
41565
97580
56565
35206
31552
26968
60103
28999
11417
27827
34987
99360
68912
56685
36889
95506
72368
92381
47399
69403
54568
67614
86077
22438
30699
51588
65124
79632
18999
55258
37117
29816
20115
41786
15695
16258
52433
60456
79512
62951
83123
72075
4644
4733
47530
2088
315
93599
6169
45852
51253
84473
70808
12982
63593
83314
36596
27184
61827
50933
77876
33320
89747
89790
15639
61535
59202
92254
60697
88109
73536
24043
56372
53022
31673
74599
95395
35245
92614
4875
92706
58940
11967
35089
35857
62413
4238
27195
15608
52384
42783
482
47012
72234
37139
17214
42414
94446
46772
34063
38781
79226
52227
78982
69474
63809
73677
86548
28386
73712
60316
21708
1648
19951
48745
59831
79672
98807
11600
24917
94777
76170
63132
88682
94378
19443
70497
6381
7901
56155
26824
2024
94432
80389
81573
57708
88064
54375
55300
13845
36552
69765
46978
40150
55912
12332
78808
11584
93297
21927
97842
88724
67900
17666
29662
63299
58090
96729
80832
29053
88710
955
29186
16958
4327
50497
58281
45074
77746
92389
2179
78081
76956
13408
86236
3675
27916
14852
43311
16160
92511
14643
46041
65068
13413
55258
13822
67881
72110
62965
28036
29775
6113
77959
37
49557
99009
60532
84746
47964
61614
81485
66186
59232
50453
66669
81712
77122
30989
9907
56235
26023
15981
21290
90418
17945
56777
4547
79378
11979
52327
38340
94421
73946
54402
17338
94417
62799
72986
24074
80554
14594
33878
90886
71909
96536
57496
80731
12202
39852
54715
73638
89716
98956
62955
78054
70137
93274
59840
47597
82801
25811
99353
52945
16260
63853
78673
73983
39381
1945
30977
45231
28293
33767
47666
33970
50725
16521
31964
94536
80828
44048
64
65294
40592
95603
92031
63476
53077
846
85717
78061
50959
26118
5846
32415
49286
39594
35459
48699
24357
19062
80168
56423
14159
38065
91125
29622
48255
70390
40951
85369
93210
59952
48883
94574
44339
82879
40190
98679
47482
13079
74428
59494
95842
99591
41811
94004
53389
8695
22379
59121
50167
35690
20516
65077
54332
25699
26292
91509
62247
20228
64987
49
87544
43026
47877
15179
65808
92917
89276
10738
30716
53307
37000
91804
98236
2331
60196
13842
20335
81079
95645
99141
48125
19130
82953
14110
88608
86657
17730
39635
57936
38871
88030
31958
54666
9017
38316
75655
16956
8376
93581
57130
34895
7100
8845
48307
68530
50309
10172
20254
1823
23469
76654
14747
91916
77642
23627
36614
98832
32783
18739
83893
623
71698
80498
33386
98564
23272
69628
41224
20010
57709
36261
98947
93640
75744
24063
24880
26455
37002
70993
91419
59601
13407
11505
92824
85559
40285
15998
19537
63134
11985
61980
5085
10808
80154
75692
15730
73499
36677
12935
19602
15760
43959
65208
33888
28250
17449
21683
4662
92544
20013
30006
95439
34169
12688
3258
39327
24019
73912
29782
41442
18624
11916
91312
75250
67358
59762
12224
66770
41441
82995
89316
90503
2816
70939
25050
49095
66072
85437
58365
69449
96641
24179
81246
67452
35531
56771
76990
99348
82740
99262
56806
4798
25289
47778
98052
8149
84182
27295
31458
39437
75308
77558
67172
69965
89294
86588
72382
44442
45464
80799
208
75694
16365
13664
68191
81991
50651
30910
72305
15611
12525
31635
25604
58697
9421
88664
47499
67308
2228
80548
24614
74025
64271
57233
90685
33063
6287
34399
99706
28510
69294
73298
22912
93543
32633
25815
28843
58612
76734
44004
81221
50873
96051
65949
46562
30567
86240
51666
95417
18682
53099
25381
71360
77416
83102
7274
59139
69561
51991
62280
44480
68662
63276
69660
58338
79675
13240
43196
19575
31942
83783
58361
33648
94033
77018
37309
76630
35740
98519
34516
58307
91811
23536
46440
91588
81039
29006
94852
88265
94184
48570
35706
4997
95560
99207
80608
47529
25739
82688
96564
41304
38658
88522
31649
59046
32039
83637
13402
114
24939
67108
16003
59165
3851
40566
74062
74213
77858
38833
89475
89763
28183
27787
42905
77854
14614
55732
39169
91081
77085
52771
18595
93472
48749
57595
14752
28378
87264
24761
7669
96331
29753
55581
29505
10681
55607
55635
64062
49977
68900
92029
90091
49190
84586
13023
20682
67645
68101
27654
13957
89623
59796
70229
30444
83204
35720
71182
31001
10624
6207
31290
75253
19573
76842
68789
67827
22989
59626
87769
57338
10450
19642
10309
57312
54725
39206
15593
54033
98135
6105
72785
10191
81639
43412
45291
97300
23896
36378
66839
25778
69325
62728
19275
47964
4292
85666
8928
81277
30605
56649
43708
50470
87398
82536
41181
50438
57012
7214
7326
177
68608
93654
23689
47459
69515
30209
79033
45694
76399
486
43755
79246
61108
45311
16545
52014
95180
33061
34706
37860
14988
62230
31665
29799
25511
5490
21849
85953
49064
54534
76626
66255
89676
71967
87906
57925
63065
96512
71635
20878
30591
17423
12636
44177
8842
26153
90895
62896
88001
35926
30847
62250
7934
38199
55820
85664
2922
93916
81677
2709
8052
98450
93496
13326
17102
92377
94833
95865
42085
25972
29452
87722
7515
27066
73312
94080
5698
97929
61931
10310
44375
17114
44220
34997
43416
41455
49729
37302
75907
9673
52077
97638
42701
10327
90757
12147
65084
22600
32968
34947
1794
13121
69337
53427
89334
93195
72554
27229
46672
41443
47175
22131
961
71189
30300
54151
24845
97603
41411
5197
71366
85214
49550
19096
49734
7544
88813
10785
64713
3664
82877
91303
39332
91596
89070
21200
69862
63013
71374
86669
41961
11900
73591
65595
87189
17162
17202
91718
69714
39350
10183
45032
38087
63935
4515
26959
77812
27417
18371
3069
22024
33909
89571
68937
50176
81688
85982
43714
16541
20013
59841
65044
72256
88759
57968
80355
33605
30975
80052
26996
24378
47724
89632
10860
27546
35600
90335
32367
18762
79646
21309
41578
70286
69050
81550
81869
85737
64457
56158
11312
81936
22952
65013
76342
42250
60568
69062
88623
43494
81302
83861
78519
36089
59945
95044
99996
2675
30677
50968
51389
18876
44268
49484
2413
3632
14724
31154
29431
20884
7876
58177
72700
97747
90999
88160
98007
45242
75267
58605
33666
69581
48884
16618
58161
97060
16594
80612
37820
56037
29873
28802
3739
21279
95302
56167
78153
55872
4279
74147
17483
48052
84939
12156
39434
36570
22177
53333
59836
25957
56285
57720
62688
52108
12701
61957
9384
13070
69769
6647
49969
25158
12457
74767
12846
59174
75569
5536
37059
95251
65271
39798
14541
99517
11108
74019
6559
83225
57961
19815
72423
99741
18697
74908
16047
98488
19668
9212
69535
23979
85269
1967
39839
904
21665
7700
28954
47461
77071
23851
95999
13437
74983
74781
72065
92484
75603
97897
40670
61252
83058
2157
51453
24697
18475
43084
99216
57029
39423
70337
63449
36208
3863
99809
49705
12896
17948
5030
91940
94417
88902
32222
59616
12210
86412
73806
10475
58940
55546
8356
2380
87215
20417
39608
65186
97482
83560
35486
28394
30343
51680
85162
72060
5233
29301
23648
81876
29987
49312
13784
47982
40670
19897
73867
22282
2630
75978
7836
71216
76313
25855
7909
97837
92750
10458
75037
94139
63686
28963
96035
4126
68369
85980
64330
48651
62753
10002
62881
68867
32099
78671
3614
87709
54719
35981
8518
36290
3788
12645
40795
52786
31952
19269
28963
53956
10900
3776
79473
81258
6593
88288
22226
11411
82841
75766
57046
44714
61172
80178
92760
18075
19157
57230
43916
9270
88456
41444
12005
91884
82970
65121
25632
90806
45013
96593
55632
2582
28311
38073
4358
92405
32270
25507
64349
66059
59602
34036
5568
48860
80990
61946
24441
91008
3949
7713
22966
15451
54637
89380
14042
67307
31875
14113
8989
11361
32859
68965
71745
72006
1705
43015
81330
20158
65761
1521
24409
51050
39535
6840
6270
86279
2676
75917
30103
40660
93022
37259
21969
4914
33539
3345
8505
3268
84250
68074
78760
8245
2166
63047
95081
5656
9407
47567
96872
46987
43599
98957
38681
33749
17478
68487
41090
13006
43338
12783
45350
97918
20702
58290
34895
79229
65086
97357
14487
65658
18644
53184
38483
60791
37371
70939
39677
53554
14318
33493
49084
15262
35659
40123
12786
56751
58793
92709
52034
38037
74227
47972
17756
34336
83712
40920
72166
60386
39344
36062
29960
16338
678
37639
8276
42892
79229
77603
78833
23637
96520
5788
79331
78653
45097
10368
52984
44189
48397
30933
82289
9440
68451
66353
63499
41246
49047
38754
13897
44227
5200
29703
52576
37583
81506
13826
67070
21654
82480
5733
87128
73159
13698
91049
85999
7530
88574
39998
2814
94243
59334
35709
60387
8179
82350
79065
21095
99709
11513
97171
28748
76934
26447
18317
40242
33782
33917
49398
41510
49147
30921
70820
17735
78188
80240
91136
29494
73867
19965
29979
41370
58180
37448
40287
38412
40530
30602
70528
62278
35969
38968
49457
91395
18382
7011
74387
42611
33962
40843
63527
16030
90941
68059
71909
7794
24936
94277
44645
86635
93923
85307
30523
54205
71012
54663
16064
36769
54561
96872
82859
34554
49517
3722
31902
83843
46782
96288
11068
54103
89808
78112
2873
58780
65986
14107
7018
49900
28253
12343
41788
12642
32181
39467
65344
82238
32200
78359
37124
8405
89796
70910
83292
75384
75718
34337
19455
95358
15612
98201
57935
19601
90859
78544
26384
1426
74220
33148
42489
79082
22898
73849
69096
17935
61191
22978
78000
75983
43636
43948
88046
11483
99999
4831
36314
78163
90223
754
27512
22602
70059
42146
11469
14518
91552
73934
58991
65622
929
39474
41590
58592
51145
58718
87407
5350
35484
22611
21998
46020
26603
25305
80707
3401
9142
28544
89606
44288
47948
23601
3437
15546
11983
24943
67548
75641
39090
3920
19547
98075
41540
83026
43267
26465
35750
40124
56018
52987
88696
53746
3807
16915
63314
8404
12455
90418
89550
18964
50246
52434
60067
98578
67873
61954
79115
81973
12319
6351
80454
33544
99416
15797
54104
94127
52998
81154
206
90501
57432
73827
6398
97556
24358
79246
2956
81039
574
64043
26057
93775
91069
99455
25685
26793
27545
99414
52645
11080
62363
83564
52000
55948
17194
76313
50467
89086
51074
56855
59877
66318
2852
24753
76852
7148
53319
77801
90430
74816
76364
47750
49516
91686
61743
42137
85193
96649
5145
62154
97280
60251
63250
39044
50083
20110
73140
76281
78632
51442
92859
54259
76782
60588
70969
21273
17469
68527
52806
79642
75947
23225
19028
75737
72667
97356
66496
75988
42752
69800
75301
42835
80640
86306
21034
91498
15091
9123
47036
7787
94763
75968
13910
48427
65133
34129
25628
19887
75421
66992
19400
96563
98264
37391
2011
85782
50075
14454
28309
80294
10465
408
64800
89123
54057
6290
90247
3987
49334
79999
95748
26690
28271
68187
90582
30067
29703
2002
19601
24391
7736
69987
20880
71080
99720
34390
60901
58611
67470
54455
36113
53024
90861
45903
28079
62416
52959
56350
45771
6578
97389
33878
43281
93105
18298
77719
7391
27710
24128
25731
24412
57941
17298
2813
22338
16815
29376
30402
24726
53123
91641
55332
45753
61081
62827
58207
36022
525
85702
94266
80412
31740
91134
82364
88774
62319
59631
1609
12566
12353
20027
31767
82752
75406
68335
73489
5122
53209
28900
70087
17874
10138
51617
30448
80303
94851
54909
66461
7321
75214
78466
89339
66205
45797
95597
95205
21449
25805
38258
52292
29406
15695
99837
35748
85058
76068
57811
88596
75157
47485
57495
73625
92700
46349
25672
34767
84153
9171
23943
23870
34908
19111
8599
59700
76018
91232
64765
9509
71740
4576
23527
66620
8667
81789
93161
23805
17734
23917
66306
85561
80446
18221
81341
97964
57
85966
30707
75734
11034
81181
35534
96980
56834
82061
92137
76858
52544
61538
32819
87600
3972
61821
19122
77638
32977
14047
2244
90613
72016
82748
15744
57812
36193
58750
36667
5043
37677
17171
64615
39576
80279
54580
19030
19092
54928
7794
12604
35904
70282
54207
68146
52761
25092
96791
72535
27413
64165
57545
38257
52738
69764
77093
88369
61786
24515
25956
22741
89508
91195
17071
1958
49705
50675
6445
57058
65969
28714
70860
83860
11195
12212
52491
42655
24566
36834
27169
19450
24382
60857
9390
81301
51414
4613
67965
70809
98558
34471
14290
3086
49873
81961
52406
44534
71358
99026
9243
47670
84993
86420
52110
74357
59454
23107
3545
63869
30201
89472
36337
45119
45524
53460
13443
32979
10502
49112
52534
57501
79221
62225
78845
3914
17296
9369
16060
37817
81035
61592
86483
84695
59191
38290
41740
47203
22813
26585
45469
42449
49975
91587
9115
91338
95628
54807
34043
92688
56838
40737
82406
97439
99474
31397
76344
654
95091
67280
88373
95125
51362
16714
98153
30825
90119
59815
28058
27043
66701
67868
57773
18719
89765
39663
46865
33247
64217
99272
81388
44719
57386
3076
18400
67588
94185
44616
87897
21822
6799
20370
52501
71309
82522
81258
48721
72431
70340
91864
84876
84631
99425
73104
82747
10153
18453
21928
40265
18082
88623
97418
46727
67189
53382
45892
22167
69488
86703
18781
96145
57341
18520
21858
65393
9572
30852
26239
79646
99822
87331
90601
24503
31876
24717
83447
1083
50582
1500
23793
86837
55511
47427
70049
9347
19078
13166
67655
53506
7240
20023
51528
24055
15024
40866
40230
1052
37824
4150
79210
13381
54761
53465
18078
82062
81743
79750
3831
62051
99400
64910
74832
49803
6403
78280
46866
530
37
45526
463
49778
52206
78934
56942
95389
1626
52353
29216
84010
5444
68612
76657
34713
52485
63640
29786
36484
38746
18688
93779
51557
44387
4382
79111
45342
68456
73267
30048
90249
37366
84562
44864
31164
89095
95903
63281
91416
15584
69705
39477
74959
69588
38816
50327
41839
54629
15477
70178
75407
68778
67246
25744
47477
23596
10402
56250
36578
82283
86071
4207
98139
45758
16821
61536
53429
99704
47942
98200
29307
15269
88653
4360
34015
54611
32193
69216
29115
65710
40804
50682
64035
83172
73732
65361
82057
73543
87565
47599
25163
46929
96552
11267
43549
14209
63605
50961
53807
62627
88160
35972
36764
19054
40835
87487
16014
28327
84504
28081
94256
15107
44985
48262
76146
20330
29206
53818
53203
80119
6194
33128
13102
57724
89019
39009
52579
65698
56484
28345
93472
21454
66400
48571
28204
24287
51997
20764
94385
67731
19131
91597
9923
95305
97800
57546
45425
88770
51417
63087
97575
90401
97255
64394
31357
69937
18723
39948
36896
29574
31511
15449
44059
68923
923
84160
15554
29146
83601
452
2586
41563
57246
54232
85160
51044
10149
10665
60693
93262
54209
51381
77979
76232
65086
89977
20462
84757
46773
65768
33321
48336
71362
62264
87124
3344
75652
51319
18704
75302
61265
44731
51295
65987
81779
37526
25811
61207
47843
16072
65105
38740
48000
26062
97952
56817
92492
66169
28852
77418
8548
81146
76818
51845
29690
20185
39424
29903
2928
63396
75979
4133
31890
91076
81395
9807
11473
84844
99255
86086
47576
87083
52088
17302
93037
23137
14317
60511
96357
23661
30499
31317
52420
93125
3439
31336
87057
26783
78545
68830
93586
88588
5222
53883
62344
71493
74474
7395
41289
64605
67304
23734
19030
34678
28769
71098
47225
61487
78804
9143
26558
88667
56495
14267
79274
25293
70323
95326
40028
9391
23293
43039
45374
60146
32182
55917
64935
92960
68313
19267
13041
16269
39772
98987
85651
66380
76125
7491
21466
30046
8458
25180
97161
41797
18893
77087
17737
76694
22002
12746
3598
269
16311
72632
5993
74074
85871
68127
64451
15866
44338
34963
36029
73985
94309
77928
73185
69522
78529
90100
60388
47825
3363
63315
62810
65967
42831
94340
2102
74597
73762
50545
48669
86941
28755
63340
16102
34377
75684
91092
73744
68470
3723
23575
34112
32987
67863
561
40661
49644
50018
96595
10442
26060
93138
12063
43751
32063
92811
62000
65828
93757
6709
406
69212
74114
48965
20062
32617
47426
22922
90577
47362
75706
983
59283
11982
26370
99944
86091
26435
446
44402
70595
4608
3220
12524
72613
45091
53495
60084
86309
41512
4130
81791
67230
98942
15361
11425
88948
30087
361
21237
84537
76429
58600
78793
12779
82460
60951
27370
5466
16543
30764
80359
73031
61498
80235
7620
5800
8353
51485
22174
60393
90900
52377
63638
12140
77817
21790
42427
88081
62228
72259
35128
52817
90500
80741
31384
48515
78397
96224
98129
81249
79069
24985
34004
62213
52013
79544
20271
23629
57271
34515
50941
70431
59615
39108
32524
59141
31551
73181
95080
52249
41794
27442
27368
95004
24573
32661
32661
6079
40069
20768
40499
50981
57297
74954
11853
38752
84173
87996
54049
48920
10455
88509
58181
53098
76378
42506
4277
68877
2853
8001
51963
49968
7656
8860
59065
10975
3754
12316
43861
54692
40009
13243
12898
8809
76047
27075
58567
956
82541
23581
32846
35852
51831
84961
73419
98928
44251
41452
38310
47111
79327
30352
51720
79994
79383
13605
67710
80541
45920
10781
53229
78996
34268
73813
43602
26962
23146
71976
63316
19805
42433
2366
26601
9582
39017
45057
40993
25172
12854
19632
37235
85719
52962
64972
14115
40090
49989
19439
50572
31195
82035
44989
95215
92692
96403
40147
54968
88195
95032
12892
48106
87911
23998
45603
85991
15809
16642
90946
51229
43642
71518
30777
50960
20163
98304
10938
39968
26230
64293
42528
93367
88604
25271
75552
67121
28745
32609
19128
90088
52801
84779
92965
38364
18878
72023
87056
9659
5769
82070
3944
58194
65349
41671
81355
57904
72300
62093
76125
44147
36753
53676
97115
87922
31557
61568
