5
6
16
22
23
35
37
49
57
58
64
100
114
122
130
138
150
177
184
189
197
206
208
209
210
211
215
226
238
262
263
269
282
315
348
349
353
361
384
397
406
408
418
446
452
456
463
465
482
486
487
489
504
505
511
519
522
525
530
536
561
568
574
576
579
589
591
610
617
621
623
648
654
669
678
679
689
692
711
713
723
747
753
754
757
761
763
781
791
792
799
832
846
874
876
881
882
890
904
908
922
923
929
934
935
955
956
961
973
983
996
1001
1004
1052
1069
1070
1083
1098
1105
1122
1128
1134
1175
1179
1187
1203
1215
1217
1221
1229
1274
1282
1291
1306
1308
1328
1330
1338
1352
1367
1374
1378
1392
1400
1410
1422
1426
1427
1442
1458
1465
1485
1491
1493
1500
1521
1525
1536
1558
1577
1579
1609
1613
1614
1617
1626
1636
1648
1661
1690
1691
1705
1715
1746
1765
1769
1780
1794
1816
1822
1823
1825
1830
1854
1868
1908
1918
1919
1925
1945
1958
1967
2002
2009
2011
2013
2024
2034
2036
2052
2065
2072
2085
2088
2102
2133
2134
2140
2143
2157
2166
2171
2179
2185
2213
2223
2228
2229
2244
2253
2266
2269
2276
2288
2292
2298
2300
2307
2318
2320
2331
2350
2366
2369
2374
2380
2413
2425
2428
2446
2467
2469
2510
2512
2544
2552
2562
2568
2581
2582
2584
2586
2609
2614
2630
2674
2675
2676
2696
2698
2709
2719
2756
2764
2772
2775
2789
2813
2814
2816
2818
2825
2852
2853
2869
2873
2902
2918
2922
2928
2956
2983
3016
3024
3055
3056
3064
3069
3076
3086
3092
3111
3126
3128
3145
3152
3162
3181
3209
3220
3235
3236
3258
3268
3279
3280
3288
3294
3316
3331
3344
3345
3351
3356
3363
3387
3401
3415
3432
3436
3437
3439
3449
3470
3476
3477
3479
3494
3495
3497
3503
3516
3524
3545
3547
3550
3571
3598
3599
3607
3614
3616
3619
3625
3632
3642
3645
3650
3664
3673
3675
3678
3679
3722
3723
3733
3739
3754
3756
3759
3765
3770
3776
3780
3785
3788
3802
3803
3807
3812
3819
3826
3831
3832
3836
3840
3846
3851
3853
3860
3863
3872
3874
3898
3899
3901
3914
3920
3944
3947
3949
3950
3956
3972
3987
3997
4003
4025
4029
4042
4058
4083
4085
4103
4120
4126
4130
4133
4137
4143
4150
4166
4200
4206
4207
4210
4223
4238
4266
4277
4279
4292
4294
4321
4327
4347
4356
4358
4360
4372
4382
4423
4427
4436
4438
4443
4467
4497
4515
4523
4528
4547
4549
4576
4606
4608
4613
4615
4622
4623
4628
4644
4655
4661
4662
4663
4689
4695
4733
4737
4759
4765
4769
4774
4779
4785
4796
4798
4831
4853
4866
4875
4909
4914
4915
4917
4936
4986
4993
4997
5003
5004
5017
5030
5041
5043
5056
5079
5085
5098
5102
5122
5126
5129
5131
5134
5145
5188
5197
5200
5222
5223
5230
5233
5292
5310
5320
5350
5369
5407
5413
5420
5423
5424
5444
5452
5466
5470
5484
5487
5490
5492
5498
5507
5527
5531
5536
5541
5551
5557
5568
5572
5576
5584
5641
5650
5656
5673
5687
5689
5691
5698
5706
5713
5715
5726
5732
5733
5759
5764
5769
5780
5788
5792
5796
5800
5803
5804
5812
5817
5827
5846
5849
5866
5872
5893
5905
5916
5923
5977
5987
5993
5995
6019
6025
6026
6028
6079
6088
6090
6096
6105
6113
6138
6142
6169
6172
6186
6194
6207
6208
6237
6250
6258
6266
6268
6270
6287
6290
6298
6306
6316
6327
6341
6351
6381
6383
6398
6403
6414
6420
6429
6441
6445
6449
6485
6494
6495
6504
6514
6559
6578
6589
6593
6620
6634
6639
6647
6686
6687
6702
6707
6709
6715
6716
6726
6740
6777
6785
6798
6799
6813
6814
6839
6840
6852
6917
6934
6947
6948
6966
6977
6992
7000
7007
7011
7018
7032
7051
7055
7058
7086
7100
7148
7150
7186
7203
7205
7214
7219
7229
7240
7251
7252
7254
7260
7266
7269
7273
7274
7295
7301
7317
7321
7326
7332
7334
7342
7350
7353
7358
7366
7382
7391
7395
7414
7416
7445
7476
7491
7515
7530
7536
7544
7552
7559
7566
7604
7605
7615
7616
7620
7623
7631
7652
7656
7657
7669
7671
7694
7700
7713
7736
7748
7761
7776
7787
7794
7797
7812
7816
7820
7835
7836
7864
7867
7876
7881
7886
7901
7909
7928
7931
7934
7936
7979
7988
7999
8001
8052
8072
8083
8090
8114
8120
8122
8131
8140
8149
8179
8201
8202
8206
8210
8212
8235
8243
8244
8245
8251
8253
8269
8272
8276
8277
8290
8304
8334
8353
8356
8363
8365
8376
8398
8404
8405
8422
8438
8458
8490
8504
8505
8514
8517
8518
8522
8527
8535
8539
8542
8547
8548
8599
8602
8619
8637
8647
8649
8667
8668
8695
8706
8714
8719
8721
8775
8792
8799
8800
8809
8819
8842
8845
8848
8852
8853
8858
8860
8895
8898
8905
8906
8912
8915
8928
8930
8934
8948
8958
8969
8975
8977
8987
8989
9010
9012
9017
9030
9034
9045
9072
9074
9086
9104
9115
9123
9132
9142
9143
9166
9171
9177
9212
9217
9221
9236
9243
9254
9263
9270
9277
9290
9311
9337
9338
9343
9347
9362
9369
9370
9373
9384
9390
9391
9397
9407
9421
9423
9440
9441
9466
9470
9508
9509
9519
9522
9527
9531
9543
9545
9572
9579
9581
9582
9608
9659
9670
9672
9673
9706
9714
9725
9726
9747
9771
9794
9807
9814
9819
9823
9826
9830
9838
9864
9882
9904
9906
9907
9923
9929
9940
9956
9958
10002
10019
10035
10041
10073
10082
10096
10097
10101
10110
10120
10126
10127
10138
10149
10153
10157
10162
10164
10171
10172
10174
10176
10183
10191
10217
10219
10222
10224
10233
10254
10267
10292
10309
10310
10327
10351
10368
10370
10373
10383
10394
10402
10404
10412
10413
10423
10430
10435
10438
10442
10447
10450
10453
10455
10458
10465
10475
10498
10502
10504
10506
10524
10526
10549
10554
10558
10591
10624
10632
10637
10640
10646
10665
10681
10689
10727
10734
10737
10738
10749
10765
10781
10785
10796
10803
10808
10810
10812
10815
10850
10860
10867
10870
10874
10881
10897
10900
10934
10938
10939
10942
10952
10954
10955
10975
10984
10989
11034
11061
11067
11068
11080
11097
11100
11108
11125
11138
11153
11167
11170
11182
11195
11198
11199
11237
11245
11256
11264
11267
11270
11274
11296
11312
11317
11319
11339
11350
11358
11359
11361
11369
11377
11382
11384
11387
11403
11411
11417
11425
11431
11434
11456
11469
11473
11476
11477
11479
11483
11486
11492
11494
11497
11501
11505
11513
11521
11527
11529
11566
11571
11584
11594
11600
11602
11629
11634
11641
11647
11653
11669
11670
11676
11710
11722
11742
11772
11777
11813
11814
11816
11841
11843
11851
11853
11856
11857
11872
11881
11892
11900
11916
11920
11967
11974
11979
11982
11983
11985
11999
12005
12021
12028
12035
12063
12071
12073
12102
12120
12135
12140
12147
12148
12151
12152
12156
12161
12179
12198
12200
12202
12208
12210
12212
12222
12224
12229
12245
12256
12266
12277
12300
12302
12306
12313
12316
12319
12323
12332
12337
12343
12353
12367
12391
12416
12424
12427
12430
12432
12433
12448
12455
12457
12464
12474
12497
12501
12504
12514
12524
12525
12531
12536
12566
12578
12588
12604
12612
12616
12620
12636
12637
12642
12645
12649
12653
12660
12678
12686
12687
12688
12695
12701
12704
12705
12706
12710
12746
12761
12776
12779
12783
12786
12817
12819
12824
12846
12854
12855
12872
12892
12896
12898
12904
12909
12911
12935
12978
12982
13005
13006
13010
13023
13036
13041
13052
13067
13070
13079
13086
13102
13107
13109
13121
13136
13161
13162
13166
13185
13188
13209
13220
13229
13240
13241
13242
13243
13246
13262
13268
13287
13295
13298
13313
13325
13326
13337
13344
13349
13366
13381
13389
13391
13396
13397
13402
13407
13408
13413
13418
13425
13429
13437
13443
13447
13455
13484
13540
13549
13550
13561
13586
13605
13614
13624
13626
13631
13658
13664
13665
13676
13677
13698
13712
13739
13745
13756
13762
13777
13782
13784
13789
13812
13822
13826
13841
13842
13845
13872
13881
13888
13897
13910
13923
13941
13957
13969
13987
14013
14025
14031
14040
14042
14047
14073
14086
14107
14110
14113
14114
14115
14116
14135
14137
14150
14159
14179
14191
14193
14209
14211
14213
14231
14245
14249
14267
14271
14277
14279
14290
14317
14318
14319
14320
14353
14407
14432
14438
14454
14461
14478
14480
14485
14487
14490
14493
14496
14518
14521
14541
14543
14565
14568
14573
14594
14605
14611
14614
14623
14633
14639
14640
14643
14648
14652
14678
14696
14705
14724
14732
14747
14752
14768
14771
14777
14813
14815
14849
14852
14858
14863
14930
14933
14936
14947
14967
14975
14977
14988
14991
15001
15004
15024
15025
15035
15055
15057
15081
15082
15091
15101
15107
15116
15119
15152
15179
15199
15211
15247
15256
15262
15269
15272
15298
15330
15335
15361
15369
15385
15417
15430
15448
15449
15451
15477
15481
15499
15502
15524
15542
15546
15554
15584
15593
15600
15608
15609
15611
15612
15614
15616
15637
15639
15680
15683
15695
15713
15716
15721
15730
15736
15744
15746
15749
15751
15753
15760
15779
15788
15795
15797
15799
15804
15809
15810
15821
15833
15842
15855
15866
15911
15940
15953
15964
15981
15998
16001
16003
16014
16021
16022
16024
16030
16037
16041
16047
16060
16064
16072
16079
16085
16102
16104
16118
16160
16182
16207
16224
16237
16246
16250
16258
16260
16269
16285
16311
16338
16365
16371
16377
16393
16394
16406
16471
16474
16475
16483
16491
16511
16521
16537
16541
16543
16545
16563
16567
16590
16594
16607
16618
16621
16624
16627
16629
16632
16642
16652
16661
16714
16720
16738
16740
16746
16755
16756
16760
16785
16790
16801
16811
16815
16821
16825
16849
16858
16902
16915
16930
16956
16957
16958
16959
16971
16975
16998
17040
17044
17045
17060
17071
17077
17102
17112
17114
17116
17133
17148
17149
17162
17165
17171
17194
17196
17197
17202
17205
17214
17234
17263
17265
17267
17274
17284
17296
17298
17302
17307
17320
17330
17338
17347
17350
17354
17378
17379
17385
17423
17449
17469
17478
17481
17483
17489
17516
17560
17575
17605
17611
17625
17626
17641
17643
17666
17667
17682
17696
17719
17730
17734
17735
17737
17738
17741
17756
17770
17778
17823
17835
17848
17870
17874
17882
17885
17904
17906
17918
17934
17935
17941
17945
17948
17954
17959
17988
17994
17996
18075
18078
18082
18098
18099
18107
18114
18131
18156
18157
18159
18165
18175
18186
18221
18227
18265
18269
18295
18298
18317
18321
18322
18327
18357
18362
18366
18369
18370
18371
18382
18386
18394
18400
18406
18410
18430
18453
18475
18492
18495
18503
18507
18520
18579
18582
18587
18589
18590
18595
18601
18622
18624
18644
18670
18682
18688
18695
18697
18700
18704
18715
18719
18723
18739
18759
18760
18762
18774
18775
18778
18781
18785
18827
18829
18850
18851
18866
18870
18876
18878
18882
18893
18901
18949
18964
18981
18996
18999
19006
19023
19028
19030
19052
19054
19061
19062
19063
19067
19078
19092
19096
19111
19119
19122
19125
19128
19130
19131
19136
19143
19151
19152
19157
19165
19179
19183
19185
19226
19227
19234
19243
19248
19249
19256
19267
19269
19275
19276
19277
19280
19282
19312
19317
19329
19332
19341
19352
19353
19383
19400
19414
19417
19437
19439
19443
19444
19450
19455
19459
19470
19484
19500
19507
19537
19543
19547
19557
19573
19575
19578
19592
19601
19602
19625
19632
19642
19655
19668
19688
19691
19708
19720
19736
19752
19779
19786
19805
19808
19810
19815
19861
19887
19897
19935
19951
19965
19983
20005
20008
20010
20013
20023
20027
20059
20061
20062
20065
20072
20087
20097
20107
20110
20115
20122
20149
20158
20163
20177
20178
20185
20200
20219
20225
20228
20243
20245
20251
20252
20253
20254
20271
20276
20283
20302
20305
20315
20330
20335
20350
20351
20354
20357
20370
20387
20394
20414
20417
20422
20426
20449
20451
20462
20470
20473
20478
20486
20491
20514
20516
20520
20527
20528
20538
20539
20546
20559
20582
20595
20615
20659
20662
20682
20702
20709
20721
20728
20739
20764
20768
20771
20777
20792
20805
20811
20814
20819
20873
20878
20880
20884
20890
20895
20907
20946
20948
20961
20972
20992
21003
21017
21019
21034
21037
21045
21082
21095
21103
21117
21122
21127
21154
21176
21183
21196
21200
21207
21217
21237
21245
21255
21258
21271
21273
21277
21279
21281
21285
21290
21295
21309
21326
21335
21353
21366
21379
21389
21402
21443
21449
21454
21466
21485
21488
21495
21496
21499
21508
21509
21515
21517
21527
21532
21545
21548
21586
21596
21628
21631
21637
21654
21664
21665
21675
21683
21696
21708
21724
21741
21752
21762
21769
21785
21790
21800
21801
21822
21830
21840
21841
21846
21847
21849
21850
21858
21890
21896
21906
21912
21913
21916
21919
21924
21927
21928
21929
21946
21956
21960
21967
21969
21977
21987
21989
21996
21998
22002
22006
22024
22025
22072
22089
22091
22092
22104
22129
22131
22137
22140
22141
22153
22167
22174
22177
22194
22206
22218
22226
22236
22247
22250
22258
22265
22282
22304
22317
22337
22338
22351
22360
22366
22372
22373
22375
22379
22383
22396
22397
22409
22413
22423
22426
22428
22438
22444
22454
22464
22520
22526
22546
22554
22600
22602
22611
22617
22636
22637
22669
22673
22723
22732
22739
22741
22744
22749
22750
22767
22800
22813
22822
22825
22838
22846
22849
22872
22886
22898
22903
22912
22922
22926
22928
22952
22963
22966
22978
22989
23011
23014
23020
23046
23051
23060
23062
23071
23075
23076
23078
23086
23087
23090
23096
23107
23111
23123
23137
23145
23146
23202
23204
23217
23225
23272
23281
23290
23291
23293
23302
23357
23362
23416
23457
23469
23498
23502
23519
23524
23527
23535
23536
23545
23552
23567
23575
23581
23592
23595
23596
23598
23601
23611
23627
23629
23631
23634
23637
23648
23650
23661
23662
23689
23713
23724
23734
23735
23748
23750
23751
23753
23758
23776
23793
23799
23802
23805
23809
23816
23822
23851
23867
23868
23870
23871
23881
23895
23896
23908
23917
23943
23979
23985
23991
23998
24002
24017
24019
24033
24039
24043
24055
24063
24074
24128
24132
24138
24146
24153
24178
24179
24197
24212
24213
24218
24229
24252
24260
24261
24286
24287
24288
24308
24323
24334
24341
24357
24358
24359
24378
24379
24382
24391
24392
24409
24412
24416
24419
24429
24441
24448
24475
24478
24490
24503
24504
24515
24524
24551
24564
24566
24572
24573
24577
24595
24596
24605
24608
24614
24616
24617
24627
24631
24648
24665
24697
24712
24717
24722
24726
24753
24759
24761
24763
24767
24785
24788
24826
24827
24829
24838
24840
24845
24880
24881
24893
24899
24917
24921
24936
24939
24943
24954
24974
24982
24985
24988
25028
25032
25046
25049
25050
25064
25080
25087
25092
25094
25099
25110
25120
25134
25149
25158
25163
25165
25172
25180
25200
25204
25228
25257
25261
25270
25271
25279
25285
25289
25293
25305
25335
25381
25384
25400
25401
25416
25418
25439
25451
25454
25461
25475
25492
25504
25507
25510
25511
25513
25526
25534
25540
25557
25563
25604
25628
25632
25638
25643
25647
25649
25652
25672
25674
25684
25685
25687
25695
25699
25700
25727
25731
25739
25744
25750
25778
25797
25805
25811
25815
25855
25866
25902
25912
25915
25934
25938
25956
25957
25972
25979
25986
26001
26006
26023
26025
26036
26057
26060
26062
26065
26079
26082
26085
26105
26111
26118
26127
26153
26160
26189
26193
26220
26230
26239
26240
26243
26257
26259
26260
26270
26272
26292
26324
26333
26353
26357
26362
26370
26375
26384
26401
26405
26417
26424
26431
26435
26444
26447
26451
26455
26456
26463
26465
26488
26494
26500
26513
26544
26558
26564
26575
26584
26585
26588
26601
26603
26605
26619
26643
26646
26657
26662
26672
26679
26690
26698
26707
26730
26744
26749
26765
26777
26783
26793
26798
26802
26808
26811
26824
26829
26842
26849
26854
26887
26891
26903
26927
26939
26947
26953
26959
26962
26966
26968
26996
27002
27004
27008
27015
27024
27029
27032
27040
27043
27066
27075
27081
27095
27115
27154
27169
27180
27184
27195
27229
27232
27251
27255
27277
27278
27282
27286
27295
27306
27315
27320
27351
27368
27370
27380
27389
27393
27394
27409
27413
27417
27423
27442
27476
27511
27512
27545
27546
27559
27561
27570
27580
27594
27639
27643
27645
27648
27654
27666
27686
27694
27708
27710
27715
27721
27786
27787
27827
27849
27855
27873
27893
27904
27912
27916
27932
27944
27964
27965
27973
27974
27985
28018
28031
28036
28037
28057
28058
28064
28079
28081
28160
28173
28183
28203
28204
28221
28227
28238
28250
28253
28257
28259
28271
28293
28309
28311
28325
28327
28329
28332
28345
28354
28356
28363
28378
28386
28394
28417
28418
28422
28443
28445
28460
28462
28464
28487
28505
28510
28529
28533
28537
28544
28550
28578
28593
28599
28638
28644
28646
28647
28648
28655
28658
28695
28714
28721
28745
28748
28750
28755
28769
28773
28802
28804
28807
28818
28834
28843
28848
28852
28855
28863
28864
28895
28900
28915
28921
28942
28954
28963
28996
28999
29006
29008
29037
29044
29053
29068
29075
29115
29144
29146
29164
29172
29186
29202
29206
29213
29216
29269
29294
29301
29307
29308
29324
29346
29348
29365
29375
29376
29379
29406
29412
29427
29431
29443
29452
29454
29471
29494
29495
29504
29505
29509
29515
29522
29538
29544
29545
29552
29553
29559
29563
29566
29572
29574
29576
29579
29591
29595
29600
29622
29623
29624
29628
29631
29643
29645
29653
29656
29662
29667
29670
29671
29674
29690
29695
29703
29713
29731
29753
29757
29767
29770
29774
29775
29782
29786
29793
29799
29816
29819
29838
29849
29853
29865
29868
29873
29883
29887
29901
29902
29903
29929
29939
29947
29952
29955
29960
29979
29982
29987
29988
29993
30006
30011
30032
30033
30043
30046
30048
30052
30067
30087
30103
30108
30118
30153
30154
30157
30185
30201
30209
30250
30260
30269
30274
30281
30286
30292
30300
30305
30311
30313
30327
30343
30352
30354
30358
30360
30364
30388
30402
30422
30436
30444
30448
30452
30455
30463
30480
30481
30499
30501
30512
30523
30529
30537
30538
30565
30567
30591
30601
30602
30605
30606
30607
30619
30626
30630
30637
30650
30658
30677
30695
30697
30699
30707
30716
30728
30729
30740
30764
30777
30783
30825
30826
30847
30852
30891
30910
30917
30921
30933
30958
30975
30976
30977
30981
30989
31001
31051
31054
31081
31083
31099
31122
31153
31154
31164
31192
31195
31202
31203
31212
31216
31232
31238
31266
31267
31272
31282
31290
31292
31295
31311
31317
31330
31334
31336
31342
31357
31384
31386
31393
31397
31413
31458
31464
31467
31480
31486
31494
31511
31513
31518
31544
31550
31551
31552
31555
31557
31569
31603
31607
31620
31621
31635
31637
31641
31649
31658
31663
31665
31673
31678
31717
31739
31740
31744
31757
31766
31767
31783
31827
31849
31858
31875
31876
31888
31890
31902
31914
31917
31942
31948
31952
31958
31964
31988
32003
32011
32018
32020
32031
32039
32063
32064
32084
32091
32092
32099
32104
32114
32143
32153
32181
32182
32184
32193
32200
32203
32222
32234
32255
32270
32280
32281
32285
32344
32349
32357
32367
32375
32391
32394
32413
32415
32422
32423
32428
32441
32442
32443
32455
32471
32503
32524
32547
32548
32598
32609
32615
32617
32624
32633
32637
32660
32661
32663
32689
32702
32713
32717
32722
32740
32743
32778
32782
32783
32815
32819
32821
32846
32858
32859
32870
32876
32914
32933
32941
32949
32956
32960
32968
32977
32979
32987
32995
33006
33028
33030
33056
33061
33063
33071
33075
33079
33086
33105
33116
33128
33148
33157
33159
33173
33176
33181
33192
33208
33213
33222
33226
33227
33239
33247
33267
33275
33279
33296
33320
33321
33322
33335
33338
33343
33357
33359
33362
33366
33369
33386
33410
33413
33423
33424
33443
33444
33448
33463
33483
33493
33502
33533
33539
33544
33550
33562
33567
33572
33577
33588
33591
33605
33636
33648
33653
33656
33666
33678
33717
33720
33733
33739
33749
33759
33767
33782
33794
33799
33818
33820
33827
33839
33847
33854
33855
33878
33880
33888
33897
33901
33909
33917
33918
33934
33949
33951
33954
33958
33962
33968
33970
33989
34004
34015
34017
34019
34035
34036
34043
34055
34063
34067
34069
34086
34088
34102
34112
34114
34125
34129
34137
34155
34169
34177
34192
34195
34240
34267
34268
34269
34278
34292
34324
34336
34337
34338
34377
34390
34394
34399
34411
34414
34430
34441
34447
34452
34471
34493
34494
34515
34516
34554
34575
34601
34609
34636
34658
34666
34672
34676
34678
34682
34691
34706
34713
34714
34722
34730
34746
34767
34775
34791
34795
34801
34815
34840
34875
34888
34895
34908
34911
34921
34932
34944
34947
34963
34970
34972
34987
34989
34997
35005
35011
35031
35049
35087
35089
35095
35099
35105
35123
35128
35167
35173
35175
35176
35177
35183
35186
35205
35206
35212
35219
35220
35227
35245
35255
35258
35263
35268
35301
35304
35319
35324
35365
35370
35387
35459
35470
35473
35480
35484
35486
35502
35531
35534
35537
35556
35585
35586
35600
35610
35639
35659
35690
35699
35706
35709
35719
35720
35724
35726
35734
35736
35740
35743
35748
35749
35750
35754
35760
35771
35773
35806
35807
35820
35824
35852
35857
35864
35873
35895
35904
35916
35924
35926
35944
35951
35964
35969
35970
35972
35981
36001
36003
36022
36029
36035
36039
36059
36062
36081
36086
36088
36089
36101
36103
36106
36112
36113
36120
36147
36152
36183
36193
36208
36209
36260
36261
36271
36279
36285
36290
36314
36319
36337
36348
36360
36367
36378
36384
36402
36461
36484
36492
36506
36531
36552
36555
36570
36578
36581
36591
36595
36596
36614
36616
36625
36641
36647
36649
36650
36654
36667
36674
36677
36695
36701
36753
36764
36769
36787
36793
36803
36818
36824
36834
36837
36889
36896
36903
36904
36912
36964
36967
36971
37000
37002
37010
37016
37022
37036
37047
37059
37067
37073
37085
37100
37117
37120
37124
37139
37208
37214
37231
37235
37241
37259
37264
37271
37286
37300
37302
37309
37310
37319
37322
37360
37366
37371
37383
37388
37391
37396
37409
37415
37419
37430
37431
37448
37454
37455
37460
37501
37514
37518
37526
37529
37533
37556
37576
37577
37583
37600
37617
37620
37622
37639
37641
37659
37673
37677
37716
37718
37720
37723
37728
37737
37747
37803
37817
37820
37824
37831
37832
37837
37839
37858
37860
37862
37870
37878
37913
37919
37937
37947
37974
37988
38004
38009
38020
38022
38028
38037
38056
38065
38071
38073
38087
38134
38144
38148
38158
38172
38189
38196
38199
38214
38224
38229
38257
38258
38269
38273
38284
38287
38290
38310
38316
38321
38330
38335
38340
38351
38364
38370
38394
38402
38412
38417
38419
38439
38446
38447
38450
38455
38459
38477
38483
38492
38517
38532
38547
38553
38570
38573
38615
38618
38622
38629
38631
38658
38672
38674
38681
38693
38695
38712
38740
38746
38752
38754
38762
38778
38781
38807
38808
38816
38828
38830
38832
38833
38842
38871
38893
38896
38921
38933
38960
38963
38968
38977
38998
39008
39009
39017
39044
39069
39090
39108
39140
39158
39169
39180
39185
39203
39206
39218
39244
39255
39271
39272
39289
39296
39300
39302
39306
39310
39327
39332
39344
39350
39366
39375
39380
39381
39391
39398
39413
39423
39424
39429
39430
39434
39435
39437
39440
39447
39465
39467
39471
39474
39477
39489
39516
39517
39535
39538
39549
39576
39577
39594
39601
39608
39623
39635
39637
39652
39656
39663
39677
39688
39699
39703
39723
39728
39743
39753
39756
39772
39790
39798
39811
39839
39852
39860
39866
39920
39926
39936
39938
39948
39959
39963
39968
39970
39985
39990
39998
40000
40009
40024
40028
40045
40049
40053
40067
40069
40080
40090
40102
40123
40124
40147
40150
40153
40164
40175
40177
40190
40222
40225
40226
40230
40242
40265
40271
40285
40287
40296
40308
40309
40338
40353
40360
40363
40378
40386
40396
40399
40415
40417
40430
40477
40499
40519
40530
40534
40566
40573
40583
40592
40597
40607
40622
40656
40660
40661
40670
40673
40684
40718
40732
40737
40762
40770
40788
40795
40804
40821
40830
40835
40843
40848
40855
40866
40891
40916
40920
40942
40947
40951
40953
40985
40989
40993
41010
41037
41041
41052
41055
41076
41080
41090
41092
41093
41106
41122
41123
41126
41167
41173
41181
41183
41216
41222
41224
41228
41233
41246
41258
41260
41266
41289
41291
41304
41306
41340
41347
41358
41364
41370
41375
41376
41401
41405
41409
41411
41416
41441
41442
41443
41444
41448
41452
41455
41456
41457
41467
41484
41489
41497
41510
41511
41512
41513
41515
41516
41525
41532
41535
41538
41540
41557
41559
41563
41564
41565
41571
41572
41578
41584
41590
41606
41607
41621
41634
41657
41659
41665
41671
41685
41688
41689
41725
41734
41740
41742
41772
41786
41787
41788
41794
41797
41801
41811
41818
41839
41842
41861
41890
41914
41925
41961
42005
42049
42058
42070
42085
42088
42099
42133
42136
42137
42145
42146
42147
42156
42189
42203
42214
42245
42246
42250
42262
42347
42367
42414
42427
42433
42449
42472
42489
42506
42508
42516
42528
42534
42550
42575
42589
42593
42605
42608
42611
42619
42645
42655
42657
42678
42679
42684
42701
42732
42739
42746
42752
42757
42758
42783
42786
42795
42811
42818
42831
42835
42871
42875
42889
42892
42899
42905
42917
42939
42950
42969
42970
42975
42981
42984
43002
43015
43026
43038
43039
43046
43076
43080
43084
43093
43119
43164
43173
43179
43196
43222
43257
43267
43268
43281
43288
43305
43311
43321
43323
43338
43347
43382
43392
43401
43412
43416
43448
43485
43494
43497
43502
43511
43520
43544
43549
43559
43582
43588
43599
43602
43604
43628
43636
43642
43654
43664
43672
43675
43694
43697
43704
43708
43714
43726
43740
43749
43751
43755
43789
43828
43834
43844
43852
43860
43861
43863
43883
43885
43889
43916
43934
43937
43941
43942
43948
43951
43959
43960
43970
43975
43984
44004
44015
44028
44029
44034
44035
44046
44048
44057
44059
44071
44072
44091
44098
44104
44136
44140
44147
44151
44152
44153
44177
44185
44189
44192
44197
44203
44205
44220
44227
44231
44233
44239
44243
44251
44253
44268
44288
44295
44310
44315
44317
44328
44338
44339
44345
44346
44366
44368
44375
44377
44387
44388
44389
44402
44415
44432
44442
44457
44480
44505
44507
44510
44519
44534
44537
44541
44576
44585
44595
44601
44603
44616
44617
44634
44645
44648
44676
44683
44685
44688
44710
44714
44719
44731
44733
44743
44754
44757
44761
44766
44770
44778
44785
44802
44804
44824
44831
44838
44840
44864
44867
44877
44900
44911
44916
44923
44941
44955
44960
44968
44985
44989
44991
45004
45006
45013
45030
45032
45052
45057
45067
45074
45083
45091
45097
45101
45119
45120
45133
45135
45140
45158
45165
45189
45213
45216
45220
45231
45242
45246
45251
45260
45262
45271
45272
45279
45291
45293
45298
45311
45331
45342
45350
45365
45374
45377
45402
45411
45413
45418
45425
45431
45440
45442
45453
45455
45464
45467
45469
45488
45496
45517
45524
45526
45546
45553
45558
45559
45562
45566
45571
45572
45603
45614
45635
45636
45641
45646
45650
45659
45676
45681
45694
45701
45718
45721
45744
45745
45753
45758
45764
45771
45775
45776
45779
45781
45790
45797
45812
45820
45837
45841
45852
45861
45872
45875
45882
45892
45903
45920
45944
45969
45979
46003
46018
46020
46026
46041
46043
46074
46086
46088
46095
46110
46122
46133
46156
46166
46174
46181
46184
46208
46217
46231
46292
46293
46300
46302
46337
46342
46349
46354
46391
46425
46440
46445
46447
46451
46457
46477
46481
46503
46519
46554
46562
46584
46590
46621
46643
46645
46672
46682
46683
46686
46691
46692
46699
46701
46727
46737
46740
46772
46773
46778
46780
46782
46796
46807
46820
46858
46865
46866
46895
46909
46918
46929
46932
46937
46938
46959
46978
46986
46987
47007
47010
47012
47018
47021
47022
47025
47034
47036
47065
47089
47091
47111
47127
47149
47169
47170
47175
47203
47218
47225
47263
47264
47291
47296
47303
47309
47318
47339
47340
47346
47350
47362
47379
47399
47426
47427
47428
47438
47459
47461
47462
47477
47482
47485
47499
47504
47511
47524
47529
47530
47535
47548
47559
47567
47576
47593
47597
47599
47609
47610
47612
47636
47657
47666
47670
47683
47702
47724
47732
47733
47749
47750
47756
47762
47763
47769
47770
47778
47779
47788
47825
47835
47843
47877
47897
47910
47916
47936
47942
47948
47950
47954
47958
47964
47972
47982
48000
48030
48034
48040
48044
48052
48059
48060
48061
48068
48071
48105
48106
48123
48125
48175
48227
48234
48255
48262
48295
48299
48306
48307
48310
48313
48336
48345
48365
48375
48376
48397
48427
48457
48470
48477
48478
48483
48515
48518
48540
48569
48570
48571
48574
48594
48610
48611
48619
48643
48651
48661
48669
48695
48699
48718
48719
48721
48745
48749
48782
48786
48788
48847
48858
48860
48865
48880
48883
48884
48885
48892
48895
48904
48913
48919
48920
48931
48934
48954
48965
48978
49026
49045
49047
49048
49051
49064
49074
49084
49091
49095
49110
49112
49129
49147
49151
49157
49173
49182
49183
49190
49230
49236
49256
49271
49286
49303
49305
49307
49312
49320
49334
49348
49352
49357
49380
49398
49418
49436
49437
49442
49457
49464
49467
49484
49495
49516
49517
49520
49538
49543
49550
49557
49578
49583
49642
49644
49670
49679
49705
49706
49716
49729
49731
49734
49740
49751
49768
49778
49783
49784
49799
49800
49803
49824
49825
49850
49855
49859
49873
49879
49884
49900
49901
49906
49912
49924
49968
49969
49975
49977
49978
49989
50000
50007
50016
50018
50029
50065
50075
50082
50083
50085
50086
50100
50129
50166
50167
50174
50176
50195
50207
50231
50232
50246
50280
50309
50327
50332
50361
50370
50402
50410
50413
50414
50418
50419
50438
50453
50456
50467
50470
50474
50485
50487
50497
50525
50526
50545
50565
50566
50571
50572
50582
50596
50599
50618
50639
50651
50675
50682
50695
50698
50725
50738
50759
50764
50771
50791
50796
50797
50799
50817
50819
50821
50834
50847
50873
50876
50904
50929
50933
50941
50944
50946
50959
50960
50961
50966
50967
50968
50981
51002
51006
51013
51019
51020
51024
51039
51044
51048
51050
51051
51067
51074
51084
51110
51116
51145
51154
51158
51168
51182
51196
51211
51226
51229
51231
51253
51295
51301
51319
51342
51362
51381
51384
51389
51414
51417
51424
51427
51429
51442
51449
51453
51481
51483
51485
51495
51520
51523
51528
51532
51542
51553
51557
51588
51590
51613
51615
51617
51624
51626
51633
51666
51680
51686
51720
51725
51726
51731
51750
51757
51771
51784
51799
51810
51831
51845
51863
51864
51868
51890
51902
51925
51938
51956
51963
51971
51991
51997
52000
52003
52013
52014
52021
52027
52032
52033
52034
52040
52060
52069
52077
52088
52108
52110
52113
52124
52154
52169
52178
52179
52195
52206
52227
52249
52257
52260
52269
52292
52300
52301
52302
52318
52324
52327
52328
52343
52353
52377
52384
52386
52401
52406
52420
52426
52427
52433
52434
52437
52443
52465
52467
52485
52488
52491
52501
52510
52521
52533
52534
52544
52563
52575
52576
52579
52591
52593
52602
52635
52642
52645
52650
52673
52687
52712
52738
52761
52771
52779
52786
52787
52801
52806
52817
52831
52853
52854
52857
52866
52883
52897
52901
52905
52908
52918
52922
52945
52946
52949
52959
52962
52984
52987
52992
52994
52998
53014
53015
53020
53022
53024
53064
53065
53077
53081
53098
53099
53123
53135
53138
53143
53147
53163
53175
53184
53189
53195
53203
53209
53222
53224
53227
53229
53289
53301
53307
53309
53312
53319
53333
53337
53346
53355
53379
53382
53389
53406
53420
53427
53429
53431
53434
53460
53465
53489
53495
53506
53507
53515
53516
53528
53554
53568
53592
53616
53636
53662
53664
53676
53692
53706
53719
53735
53746
53753
53757
53784
53807
53814
53818
53824
53832
53834
53848
53872
53875
53878
53883
53891
53900
53918
53934
53935
53956
53960
53981
54004
54010
54012
54014
54027
54033
54036
54040
54043
54045
54049
54057
54073
54092
54096
54098
54103
54104
54105
54146
54150
54151
54167
54168
54186
54205
54207
54209
54210
54211
54232
54245
54259
54267
54268
54274
54285
54314
54330
54332
54338
54340
54341
54343
54348
54359
54362
54375
54390
54394
54398
54402
54416
54423
54425
54426
54437
54450
54455
54456
54464
54470
54478
54500
54534
54549
54561
54568
54579
54580
54600
54611
54629
54637
54643
54648
54663
54665
54666
54667
54691
54692
54708
54715
54719
54725
54732
54734
54761
54766
54779
54781
54807
54825
54847
54856
54859
54870
54871
54880
54890
54893
54900
54909
54915
54921
54928
54939
54947
54956
54960
54964
54968
54977
54981
54994
54999
55012
55080
55096
55101
55123
55130
55139
55143
55151
55206
55217
55241
55244
55246
55248
55249
55258
55267
55269
55275
55300
55311
55313
55322
55332
55341
55360
55366
55369
55377
55378
55385
55417
55424
55426
55427
55428
55436
55450
55458
55460
55463
55479
55511
55519
55546
55558
55565
55567
55571
55572
55581
55584
55607
55618
55632
55635
55646
55658
55660
55693
55704
55708
55732
55743
55755
55758
55760
55785
55815
55820
55825
55834
55835
55843
55851
55857
55865
55872
55879
55912
55917
55948
55950
55960
55968
55975
55999
56003
56014
56018
56036
56037
56038
56063
56134
56136
56153
56155
56158
56167
56168
56170
56176
56198
56226
56230
56233
56235
56239
56245
56250
56256
56281
56285
56292
56308
56317
56350
56366
56372
56376
56383
56415
56423
56429
56440
56461
56484
56495
56500
56540
56565
56577
56605
56615
56617
56625
56628
56637
56649
56666
56680
56685
56703
56722
56750
56751
56755
56759
56771
56777
56796
56802
56806
56817
56820
56831
56832
56834
56838
56849
56855
56870
56871
56881
56930
56942
56962
56979
56993
57012
57026
57027
57029
57046
57058
57069
57084
57097
57109
57115
57130
57136
57140
57145
57161
57179
57186
57229
57230
57233
57246
57262
57271
57277
57292
57297
57312
57316
57318
57336
57338
57341
57343
57353
57360
57386
57405
57432
57450
57469
57491
57495
57496
57501
57506
57525
57531
57539
57544
57545
57546
57552
57566
57582
57593
57595
57607
57619
57632
57642
57655
57668
57687
57688
57692
57702
57708
57709
57720
57724
57771
57773
57811
57812
57839
57891
57892
57904
57911
57912
57916
57925
57928
57935
57936
57941
57961
57962
57968
57973
57993
58006
58029
58040
58073
58076
58086
58090
58093
58097
58102
58132
58135
58161
58166
58174
58177
58180
58181
58186
58187
58192
58194
58207
58212
58220
58253
58260
58269
58274
58277
58281
58290
58301
58307
58329
58338
58343
58358
58361
58365
58396
58404
58418
58423
58438
58453
58464
58468
58472
58493
58497
58514
58540
58548
58549
58553
58565
58567
58585
58592
58595
58596
58600
58605
58611
58612
58620
58621
58693
58697
58718
58725
58737
58747
58748
58750
58754
58759
58779
58780
58786
58788
58793
58795
58805
58808
58811
58834
58839
58842
58859
58863
58888
58922
58924
58927
58930
58940
58949
58985
58991
59004
59024
59030
59034
59046
59057
59065
59068
59077
59086
59093
59105
59107
59119
59120
59121
59134
59139
59141
59149
59160
59165
59171
59174
59175
59186
59191
59201
59202
59207
59208
59232
59245
59248
59259
59268
59269
59281
59283
59310
59316
59325
59326
59327
59334
59339
59340
59349
59352
59353
59354
59400
59421
59438
59450
59454
59464
59470
59480
59494
59497
59517
59539
59546
59553
59563
59564
59581
59584
59595
59601
59602
59608
59615
59616
59622
59626
59631
59642
59644
59670
59700
59704
59716
59721
59749
59762
59766
59774
59785
59796
59807
59815
59817
59818
59831
59836
59838
59840
59841
59855
59877
59886
59916
59920
59944
59945
59952
59975
59993
59999
60011
60027
60051
60067
60072
60078
60084
60102
60103
60104
60119
60121
60125
60133
60139
60146
60151
60157
60161
60164
60169
60196
60224
60229
60239
60241
60251
60287
60312
60316
60331
60342
60343
60355
60360
60369
60386
60387
60388
60389
60390
60393
60405
60428
60436
60441
60442
60449
60456
60508
60511
60516
60517
60532
60551
60556
60568
60570
60574
60588
60609
60610
60625
60642
60645
60661
60664
60690
60693
60697
60721
60730
60738
60748
60763
60776
60784
60785
60791
60822
60848
60857
60865
60882
60886
60901
60905
60925
60927
60939
60951
60986
61004
61025
61028
61042
61081
61086
61102
61104
61108
61123
61137
61141
61145
61151
61152
61172
61178
61187
61191
61205
61207
61230
61240
61248
61252
61257
61265
61268
61269
61276
61291
61318
61326
61343
61436
61468
61481
61487
61492
61495
61498
61500
61511
61516
61518
61535
61536
61537
61538
61549
61553
61568
61573
61579
61592
61601
61614
61617
61684
61691
61694
61712
61720
61741
61743
61771
61786
61815
61821
61823
61826
61827
61829
61867
61879
61891
61898
61902
61907
61923
61931
61946
61954
61957
61958
61980
61982
61983
61991
62000
62001
62008
62021
62035
62036
62038
62042
62051
62053
62055
62059
62063
62073
62081
62093
62096
62135
62150
62151
62152
62154
62162
62163
62188
62208
62213
62225
62228
62230
62233
62235
62242
62243
62247
62250
62258
62264
62278
62280
62294
62297
62315
62317
62319
62321
62330
62341
62342
62344
62347
62362
62363
62402
62413
62416
62452
62455
62460
62476
62478
62481
62518
62528
62531
62552
62556
62563
62567
62577
62602
62617
62623
62625
62627
62640
62658
62659
62688
62689
62704
62707
62726
62728
62730
62753
62757
62763
62799
62810
62811
62827
62841
62881
62896
62905
62920
62930
62933
62937
62951
62955
62965
62977
62980
63004
63010
63013
63015
63025
63026
63040
63047
63060
63065
63067
63070
63082
63087
63096
63097
63104
63128
63129
63131
63132
63134
63154
63160
63161
63174
63177
63184
63187
63189
63196
63198
63199
63202
63219
63233
63250
63251
63258
63259
63260
63276
63278
63281
63291
63295
63299
63314
63315
63316
63340
63362
63390
63396
63401
63411
63415
63423
63449
63458
63470
63476
63499
63527
63560
63584
63592
63593
63605
63613
63615
63630
63634
63638
63640
63648
63675
63686
63713
63747
63756
63780
63798
63809
63810
63849
63850
63853
63854
63857
63863
63869
63871
63906
63907
63922
63930
63935
63944
63953
63954
63956
63959
63977
63984
63989
63999
64035
64043
64044
64052
64056
64062
64066
64076
64086
64092
64096
64101
64103
64133
64142
64144
64164
64165
64182
64189
64203
64214
64216
64217
64236
64242
64243
64254
64257
64258
64271
64282
64287
64293
64296
64330
64336
64349
64351
64378
64379
64394
64398
64404
64406
64408
64420
64439
64451
64457
64465
64494
64509
64517
64550
64568
64592
64603
64605
64615
64641
64643
64664
64700
64702
64713
64714
64739
64760
64764
64765
64766
64769
64773
64800
64815
64853
64872
64876
64880
64892
64910
64920
64924
64935
64941
64951
64957
64971
64972
64987
65005
65009
65013
65034
65038
65041
65044
65054
65057
65068
65077
65078
65084
65086
65090
65103
65105
65112
65121
65124
65133
65140
65152
65169
65182
65186
65206
65208
65224
65234
65246
65269
65271
65272
65277
65279
65281
65294
65295
65302
65303
65306
65314
65317
65321
65327
65336
65344
65347
65349
65361
65374
65376
65393
65406
65423
65425
65436
65477
65494
65509
65510
65531
65535
65577
65595
65610
65622
65625
65634
65647
65649
65658
65659
65680
65698
65708
65710
65716
65719
65739
65743
65749
65750
65756
65761
65768
65773
65782
65794
65796
65804
65808
65813
65828
65855
65867
65871
65876
65892
65898
65913
65914
65942
65949
65955
65967
65969
65977
65986
65987
65994
66000
66004
66021
66025
66034
66048
66059
66068
66072
66080
66096
66101
66109
66141
66143
66152
66157
66165
66169
66186
66202
66205
66220
66224
66227
66229
66238
66243
66245
66255
66285
66294
66301
66302
66306
66311
66318
66330
66350
66353
66367
66380
66400
66407
66429
66435
66445
66461
66481
66496
66553
66577
66607
66620
66663
66669
66680
66701
66720
66735
66752
66770
66781
66784
66804
66839
66855
66860
66898
66911
66925
66937
66946
66951
66968
66969
66983
66991
66992
67059
67070
67076
67088
67096
67099
67104
67108
67118
67121
67136
67144
67172
67178
67186
67189
67190
67207
67212
67222
67225
67230
67241
67244
67246
67280
67304
67307
67308
67322
67330
67333
67335
67358
67397
67398
67407
67416
67429
67441
67443
67452
67470
67471
67472
67474
67501
67502
67527
67548
67579
67588
67614
67629
67642
67645
67655
67677
67682
67687
67696
67708
67710
67713
67716
67718
67731
67756
67759
67827
67829
67837
67863
67867
67868
67873
67878
67881
67889
67900
67902
67922
67933
67937
67965
67986
67987
68033
68043
68055
68058
68059
68073
68074
68079
68082
68091
68097
68101
68104
68126
68127
68136
68138
68141
68146
68153
68161
68164
68187
68191
68196
68205
68219
68233
68260
68281
68289
68313
68335
68344
68365
68369
68396
68432
68434
68451
68456
68457
68462
68470
68472
68480
68487
68502
68506
68527
68530
68531
68550
68560
68564
68584
68588
68604
68608
68612
68615
68628
68661
68662
68663
68669
68681
68707
68720
68745
68746
68747
68778
68783
68789
68830
68867
68877
68885
68900
68903
68909
68912
68914
68916
68923
68937
68949
68965
68975
68986
69011
69019
69032
69033
69038
69039
69050
69056
69062
69096
69103
69108
69121
69139
69155
69165
69193
69212
69216
69219
69226
69227
69230
69240
69263
69269
69271
69294
69315
69317
69325
69329
69337
69370
69389
69390
69403
69410
69421
69429
69430
69432
69433
69438
69449
69470
69474
69483
69485
69488
69515
69522
69530
69535
69537
69552
69553
69561
69566
69581
69588
69590
69606
69612
69622
69627
69628
69660
69705
69708
69710
69714
69715
69730
69733
69735
69746
69764
69765
69769
69771
69778
69795
69800
69829
69832
69862
69874
69904
69931
69937
69944
69963
69965
69977
69987
69989
70000
70045
70049
70057
70059
70062
70070
70087
70108
70126
70137
70149
70178
70184
70186
70199
70218
70229
70234
70236
70264
70282
70286
70291
70295
70299
70321
70323
70337
70340
70344
70357
70380
70390
70405
70431
70449
70473
70474
70497
70528
70578
70595
70605
70606
70610
70612
70616
70617
70633
70641
70645
70660
70667
70677
70690
70703
70706
70712
70731
70754
70770
70783
70792
70808
70809
70820
70824
70834
70860
70880
70902
70910
70939
70946
70948
70969
70970
70977
70985
70993
70996
71005
71012
71022
71030
71034
71039
71059
71060
71063
71064
71080
71093
71098
71146
71154
71155
71182
71184
71189
71214
71216
71246
71280
71286
71309
71312
71338
71343
71356
71358
71360
71362
71366
71368
71371
71374
71380
71385
71398
71408
71415
71418
71438
71446
71448
71450
71481
71486
71491
71492
71493
71502
71518
71524
71527
71556
71557
71581
71591
71617
71618
71621
71635
71647
71649
71657
71659
71695
71698
71705
71720
71722
71723
71731
71740
71745
71783
71785
71790
71819
71880
71888
71900
71909
71938
71951
71964
71967
71976
71994
72006
72010
72016
72023
72045
72054
72055
72060
72065
72067
72075
72079
72102
72110
72116
72149
72162
72163
72166
72195
72204
72209
72234
72237
72245
72252
72256
72259
72272
72283
72288
72300
72305
72308
72319
72333
72337
72354
72368
72382
72396
72409
72416
72421
72423
72431
72445
72448
72449
72467
72469
72473
72490
72494
72496
72521
72525
72534
72535
72550
72553
72554
72558
72568
72591
72602
72608
72613
72623
72625
72632
72649
72654
72659
72667
72700
72714
72746
72756
72761
72768
72769
72774
72777
72785
72811
72842
72846
72853
72880
72929
72932
72937
72944
72957
72958
72960
72961
72967
72969
72984
72986
73000
73031
73036
73055
73076
73104
73109
73133
73140
73142
73146
73158
73159
73172
73181
73185
73186
73247
73267
73287
73298
73312
73314
73342
73404
73416
73419
73429
73443
73447
73449
73488
73489
73499
73507
73516
73522
73536
73537
73543
73578
73590
73591
73594
73625
73638
73646
73675
73677
73707
73712
73713
73720
73732
73738
73744
73750
73751
73762
73764
73767
73773
73787
73806
73813
73822
73825
73827
73833
73846
73849
73851
73857
73867
73873
73896
73898
73912
73934
73939
73946
73953
73955
73968
73980
73983
73985
73991
74000
74005
74010
74019
74023
74024
74025
74029
74054
74055
74062
74074
74095
74114
74117
74123
74141
74147
74174
74176
74178
74185
74212
74213
74220
74227
74232
74249
74251
74259
74265
74279
74300
74312
74321
74325
74336
74340
74344
74351
74353
74357
74387
74402
74411
74428
74440
74446
74474
74476
74480
74531
74544
74545
74578
74590
74597
74599
74606
74623
74627
74641
74658
74663
74668
74746
74747
74750
74765
74767
74774
74779
74781
74787
74793
74800
74812
74816
74832
74855
74861
74865
74884
74894
74906
74907
74908
74910
74921
74925
74928
74935
74937
74939
74954
74959
74960
74962
74978
74983
74984
75016
75020
75022
75025
75028
75037
75058
75059
75077
75084
75091
75103
75153
75157
75162
75176
75191
75201
75214
75240
75250
75253
75262
75267
75280
75294
75299
75301
75302
75308
75315
75325
75333
75342
75344
75352
75354
75355
75384
75394
75404
75406
75407
75412
75421
75426
75429
75431
75436
75447
75448
75454
75460
75467
75483
75485
75518
75522
75545
75547
75552
75569
75580
75592
75603
75611
75618
75637
75641
75647
75651
75652
75655
75662
75666
75684
75692
75694
75699
75705
75706
75718
75734
75737
75744
75766
75788
75814
75837
75842
75881
75888
75897
75905
75907
75917
75921
75923
75927
75928
75947
75960
75968
75976
75978
75979
75983
75986
75988
76018
76019
76033
76047
76068
76124
76125
76135
76136
76146
76153
76159
76161
76170
76181
76194
76200
76205
76206
76210
76229
76232
76249
76261
76281
76286
76291
76308
76310
76313
76316
76324
76330
76342
76344
76346
76350
76364
76378
76397
76399
76429
76431
76484
76485
76513
76528
76567
76581
76589
76626
76630
76644
76646
76654
76657
76660
76670
76675
76682
76694
76734
76735
76738
76745
76768
76774
76782
76786
76799
76807
76818
76824
76838
76842
76852
76858
76872
76874
76884
76895
76902
76934
76940
76956
76960
76974
76984
76988
76990
77002
77018
77034
77036
77042
77062
77071
77073
77074
77085
77087
77091
77093
77106
77107
77113
77119
77122
77125
77152
77166
77180
77193
77242
77250
77270
77297
77305
77306
77369
77379
77381
77394
77395
77397
77410
77416
77418
77424
77433
77450
77458
77465
77476
77479
77484
77500
77501
77507
77510
77537
77538
77547
77548
77552
77558
77560
77579
77580
77589
77594
77599
77602
77603
77606
77616
77617
77636
77638
77642
77646
77653
77655
77702
77707
77708
77717
77719
77724
77743
77746
77760
77763
77768
77801
77812
77817
77820
77854
77858
77876
77888
77892
77896
77911
77914
77923
77927
77928
77940
77959
77979
78000
78039
78044
78047
78054
78057
78061
78073
78079
78081
78112
78126
78132
78135
78136
78146
78151
78153
78159
78163
78180
78188
78201
78204
78221
78223
78224
78227
78272
78274
78280
78302
78303
78304
78310
78314
78349
78359
78373
78382
78386
78397
78398
78419
78423
78444
78466
78471
78476
78485
78511
78519
78529
78544
78545
78578
78579
78583
78584
78611
78622
78632
78639
78645
78653
78656
78661
78671
78673
78684
78696
78729
78758
78760
78765
78780
78793
78797
78804
78805
78808
78809
78833
78834
78845
78850
78854
78895
78910
78927
78934
78944
78947
78963
78982
78996
79024
79033
79036
79044
79064
79065
79069
79073
79082
79107
79111
79114
79115
79127
79142
79143
79148
79166
79176
79186
79205
79210
79220
79221
79226
79229
79246
79248
79252
79256
79268
79274
79286
79310
79327
79331
79378
79383
79400
79410
79411
79429
79455
79462
79473
79480
79495
79512
79544
79546
79571
79572
79583
79602
79629
79632
79642
79646
79672
79673
79675
79685
79711
79730
79747
79750
79761
79779
79808
79817
79831
79836
79838
79855
79863
79868
79906
79961
79966
79982
79994
79999
80002
80024
80034
80048
80052
80065
80070
80099
80108
80119
80126
80137
80154
80168
80178
80186
80188
80193
80196
80206
80217
80218
80235
80240
80268
80272
80279
80294
80296
80299
80303
80323
80328
80355
80358
80359
80364
80369
80373
80389
80395
80396
80412
80446
80454
80458
80471
80498
80515
80520
80541
80548
80549
80551
80554
80558
80581
80593
80598
80605
80608
80612
80618
80623
80640
80651
80653
80672
80707
80712
80715
80720
80726
80730
80731
80740
80741
80757
80773
80783
80796
80799
80811
80825
80828
80832
80866
80867
80881
80886
80889
80904
80911
80930
80931
80958
80965
80974
80978
80986
80990
80991
80994
81018
81035
81039
81073
81075
81079
81103
81125
81146
81148
81154
81157
81171
81181
81195
81197
81199
81201
81221
81229
81237
81246
81249
81258
81260
81261
81277
81282
81289
81301
81302
81311
81325
81330
81341
81344
81355
81388
81395
81398
81432
81457
81462
81485
81506
81510
81518
81525
81533
81538
81550
81552
81556
81573
81596
81603
81607
81619
81639
81666
81669
81677
81688
81712
81732
81743
81764
81765
81779
81786
81789
81791
81793
81799
81803
81811
81829
81839
81852
81869
81876
81892
81913
81923
81936
81961
81973
81991
82002
82016
82030
82035
82057
82061
82062
82063
82070
82071
82081
82088
82093
82126
82176
82185
82191
82195
82207
82238
82244
82258
82269
82283
82284
82289
82308
82337
82350
82364
82406
82439
82460
82474
82480
82486
82496
82508
82522
82535
82536
82541
82549
82603
82616
82677
82688
82698
82702
82705
82706
82710
82713
82722
82740
82747
82748
82752
82754
82761
82779
82801
82807
82824
82841
82847
82856
82857
82859
82866
82870
82873
82876
82877
82879
82889
82890
82891
82898
82900
82927
82937
82944
82953
82962
82970
82975
82982
82995
83026
83033
83053
83058
83072
83102
83115
83123
83137
83146
83147
83154
83155
83159
83162
83172
83204
83225
83226
83228
83234
83241
83265
83292
83293
83299
83313
83314
83323
83331
83336
83342
83362
83363
83370
83372
83383
83397
83407
83409
83412
83429
83442
83446
83447
83451
83455
83463
83489
83491
83539
83544
83547
83549
83560
83564
83568
83571
83585
83601
83603
83612
83614
83635
83637
83643
83665
83671
83675
83696
83702
83707
83712
83724
83773
83783
83803
83816
83843
83847
83860
83861
83888
83893
83896
83904
83915
83923
83925
83936
83940
83975
83982
84010
84025
84027
84031
84071
84078
84089
84096
84097
84113
84138
84139
84151
84153
84160
84169
84173
84182
84191
84198
84207
84237
84250
84265
84291
84348
84354
84356
84368
84373
84380
84391
84409
84435
84445
84446
84447
84449
84473
84482
84504
84516
84537
84554
84562
84564
84566
84567
84577
84586
84606
84609
84623
84625
84626
84631
84644
84645
84659
84664
84677
84681
84689
84695
84709
84711
84717
84727
84738
84739
84742
84746
84757
84775
84779
84788
84824
84844
84876
84901
84915
84927
84939
84961
84982
84990
84993
85051
85058
85063
85096
85100
85104
85112
85118
85125
85130
85139
85140
85141
85146
85149
85153
85157
85158
85160
85162
85164
85169
85175
85185
85193
85214
85227
85231
85232
85237
85242
85269
85272
85307
85325
85328
85334
85343
85348
85350
85359
85369
85389
85398
85415
85437
85439
85449
85469
85470
85480
85499
85500
85519
85538
85539
85559
85561
85567
85586
85618
85629
85651
85664
85666
85669
85673
85702
85716
85717
85719
85722
85737
85762
85778
85781
85782
85784
85788
85789
85808
85809
85816
85829
85840
85853
85860
85871
85888
85889
85924
85927
85935
85953
85955
85966
85973
85976
85980
85982
85991
85998
85999
86016
86018
86055
86058
86071
86077
86083
86086
86091
86095
86100
86102
86103
86105
86113
86119
86133
86142
86182
86191
86194
86216
86227
86233
86236
86240
86249
86269
86279
86286
86288
86290
86302
86306
86309
86318
86319
86320
86325
86342
86367
86372
86376
86385
86412
86420
86470
86483
86493
86503
86521
86548
86553
86555
86588
86603
86605
86606
86612
86619
86634
86635
86641
86647
86652
86656
86657
86667
86668
86669
86675
86684
86703
86724
86730
86736
86737
86744
86747
86748
86753
86761
86773
86774
86784
86791
86813
86824
86825
86837
86839
86869
86870
86918
86928
86931
86932
86940
86941
86949
86959
86966
87005
87021
87038
87040
87052
87056
87057
87060
87064
87067
87072
87083
87087
87099
87113
87124
87128
87147
87163
87165
87185
87189
87197
87201
87204
87205
87209
87214
87215
87254
87264
87267
87273
87295
87331
87332
87333
87335
87367
87369
87396
87398
87407
87413
87415
87436
87452
87457
87473
87475
87487
87494
87499
87517
87523
87525
87544
87565
87568
87592
87596
87600
87606
87640
87658
87663
87672
87675
87709
87714
87722
87735
87759
87769
87774
87777
87778
87814
87858
87867
87875
87876
87885
87897
87903
87906
87907
87909
87911
87914
87922
87923
87935
87945
87947
87948
87959
87965
87996
87998
88000
88001
88012
88028
88029
88030
88034
88046
88061
88064
88070
88081
88086
88109
88127
88129
88140
88153
88160
88162
88172
88178
88195
88229
88240
88262
88265
88266
88288
88290
88322
88369
88370
88373
88377
88388
88404
88411
88436
88454
88456
88459
88474
88486
88490
88494
88509
88522
88526
88534
88535
88539
88551
88560
88574
88578
88588
88593
88596
88604
88608
88623
88632
88643
88653
88663
88664
88667
88682
88696
88707
88710
88715
88716
88724
88728
88735
88750
88758
88759
88765
88770
88772
88773
88774
88797
88813
88817
88825
88834
88835
88852
88855
88876
88881
88899
88902
88914
88936
88941
88943
88948
88950
88963
89019
89020
89034
89039
89056
89066
89070
89075
89086
89095
89101
89123
89135
89152
89156
89158
89179
89185
89199
89206
89213
89227
89234
89241
89267
89276
89294
89296
89316
89331
89334
89339
89346
89350
89352
89355
89380
89411
89413
89422
89425
89460
89472
89475
89492
89503
89508
89529
89533
89550
89551
89552
89563
89571
89594
89606
89614
89617
89620
89623
89632
89638
89639
89664
89668
89676
89702
89716
89740
89747
89763
89765
89784
89790
89796
89802
89808
89869
89870
89872
89877
89890
89898
89903
89906
89934
89942
89943
89960
89977
89988
89991
89998
90000
90003
90010
90017
90018
90025
90029
90032
90052
90054
90077
90086
90088
90091
90100
90102
90109
90119
90126
90162
90172
90175
90182
90205
90215
90220
90223
90247
90249
90283
90323
90330
90335
90344
90345
90355
90365
90370
90371
90383
90391
90394
90401
90414
90417
90418
90430
90469
90482
90498
90499
90500
90501
90503
90525
90530
90544
90559
90563
90577
90582
90586
90592
90601
90605
90613
90615
90620
90629
90631
90638
90650
90654
90664
90665
90666
90672
90685
90714
90723
90739
90751
90755
90757
90758
90788
90794
90806
90819
90827
90830
90837
90859
90860
90861
90864
90866
90882
90886
90895
90900
90912
90923
90931
90941
90946
90947
90981
90997
90999
91008
91049
91064
91065
91066
91069
91076
91079
91081
91082
91091
91092
91094
91110
91125
91127
91128
91134
91136
91140
91195
91213
91228
91232
91240
91244
91246
91251
91263
91269
91275
91279
91288
91303
91312
91320
91322
91338
91344
91349
91356
91360
91365
91395
91399
91403
91408
91416
91419
91425
91427
91468
91482
91494
91498
91509
91514
91516
91527
91528
91529
91534
91539
91540
91552
91568
91574
91587
91588
91596
91597
91617
91620
91638
91639
91641
91642
91650
91665
91669
91686
91703
91717
91718
91748
91773
91786
91804
91811
91833
91838
91840
91864
91884
91891
91894
91916
91918
91927
91929
91940
91943
91960
91984
91985
91994
92029
92031
92033
92052
92058
92061
92109
92137
92141
92157
92161
92186
92201
92202
92225
92248
92254
92255
92265
92271
92273
92280
92286
92288
92296
92323
92330
92331
92349
92355
92373
92377
92381
92389
92390
92397
92405
92409
92411
92428
92438
92461
92468
92483
92484
92492
92505
92511
92524
92526
92530
92544
92567
92569
92589
92603
92610
92614
92638
92651
92664
92665
92688
92692
92700
92706
92709
92722
92725
92729
92742
92750
92756
92760
92768
92778
92781
92811
92815
92820
92824
92832
92840
92845
92848
92853
92859
92860
92892
92910
92912
92917
92919
92924
92930
92934
92950
92960
92965
92984
93011
93022
93029
93037
93040
93095
93105
93125
93138
93142
93154
93161
93165
93177
93180
93182
93195
93203
93210
93217
93235
93238
93257
93262
93274
93283
93286
93297
93299
93301
93328
93340
93347
93356
93357
93363
93365
93366
93367
93372
93388
93416
93436
93437
93445
93456
93460
93472
93485
93496
93498
93528
93534
93535
93541
93543
93547
93581
93586
93589
93593
93599
93606
93619
93640
93653
93654
93675
93691
93694
93699
93719
93724
93728
93738
93747
93757
93775
93779
93791
93792
93798
93811
93824
93831
93853
93870
93875
93881
93916
93923
93935
93940
93945
93961
93963
93993
93994
94004
94006
94009
94013
94033
94042
94052
94058
94064
94080
94083
94090
94104
94115
94120
94122
94126
94127
94130
94132
94139
94154
94167
94184
94185
94196
94200
94208
94209
94211
94213
94215
94243
94252
94256
94259
94266
94277
94287
94309
94312
94340
94358
94361
94362
94367
94378
94385
94388
94397
94399
94415
94417
94421
94427
94432
94446
94453
94462
94478
94531
94536
94558
94561
94566
94570
94574
94580
94601
94605
94611
94617
94622
94624
94625
94645
94650
94669
94684
94694
94722
94728
94747
94750
94751
94755
94758
94763
94777
94797
94809
94813
94833
94839
94851
94852
94855
94860
94862
94863
94874
94895
94920
94923
94929
94963
94967
95004
95032
95044
95069
95078
95080
95081
95083
95087
95091
95125
95128
95132
95141
95151
95154
95168
95173
95177
95180
95185
95205
95214
95215
95216
95229
95241
95242
95251
95269
95290
95293
95300
95302
95305
95307
95326
95350
95358
95359
95368
95374
95389
95395
95417
95418
95424
95430
95439
95445
95451
95478
95481
95487
95506
95544
95560
95572
95580
95585
95592
95597
95603
95604
95628
95631
95642
95645
95655
95662
95666
95701
95705
95748
95750
95772
95784
95792
95797
95803
95815
95816
95834
95842
95844
95847
95865
95877
95903
95971
95987
95999
96034
96035
96051
96088
96091
96114
96122
96126
96133
96140
96145
96186
96209
96224
96228
96232
96248
96262
96285
96288
96331
96357
96360
96361
96376
96386
96403
96430
96439
96454
96472
96474
96488
96492
96512
96520
96528
96529
96536
96537
96543
96549
96552
96560
96562
96563
96564
96593
96595
96602
96608
96620
96641
96649
96654
96676
96691
96699
96706
96722
96729
96733
96736
96746
96769
96791
96792
96805
96864
96872
96885
96901
96920
96933
96942
96954
96980
97039
97057
97060
97069
97088
97090
97105
97115
97122
97155
97161
97162
97171
97185
97192
97197
97211
97255
97261
97273
97280
97291
97294
97300
97327
97348
97356
97357
97366
97379
97389
97397
97416
97418
97420
97437
97439
97441
97447
97454
97482
97483
97505
97511
97546
97556
97564
97575
97579
97580
97597
97599
97603
97609
97610
97628
97635
97638
97642
97664
97669
97683
97701
97733
97747
97751
97752
97770
97800
97837
97842
97857
97876
97884
97897
97901
97914
97918
97920
97921
97929
97952
97964
97970
97997
98000
98007
98025
98043
98047
98052
98075
98079
98081
98099
98118
98125
98129
98135
98139
98144
98152
98153
98157
98167
98170
98177
98178
98200
98201
98202
98236
98248
98251
98257
98263
98264
98265
98267
98271
98274
98282
98283
98304
98316
98322
98362
98386
98402
98408
98414
98431
98450
98457
98479
98488
98493
98505
98510
98518
98519
98528
98540
98549
98558
98564
98575
98578
98626
98631
98642
98679
98684
98691
98695
98701
98718
98736
98742
98796
98804
98807
98832
98836
98878
98880
98901
98917
98928
98942
98944
98947
98952
98956
98957
98967
98978
98979
98983
98986
98987
98998
99009
99013
99026
99054
99078
99087
99099
99141
99160
99173
99193
99207
99216
99241
99255
99262
99268
99271
99272
99283
99292
99310
99319
99330
99348
99353
99360
99370
99376
99389
99400
99410
99414
99415
99416
99425
99455
99474
99481
99484
99501
99511
99514
99515
99517
99519
99531
99533
99556
99568
99591
99602
99603
99616
99620
99635
99697
99702
99704
99706
99709
99720
99730
99732
99736
99741
99779
99788
99793
99809
99814
99822
99827
99836
99837
99838
99849
99854
99856
99858
99883
99898
99942
99944
99945
99995
99996
99999
